dist/data/20160925_400.json
{"header": { "discipline":0, "disciplineName":"Meteorological products", "gribEdition":2, "gribLength":76130, "center":7, "centerName":"US National Weather Service - NCEP(WMC)", "subcenter":0, "refTime":"2016-09-25T00:00:00.000Z", "significanceOfRT":1, "significanceOfRTName":"Start of forecast", "productStatus":0, "productStatusName":"Operational products", "productType":1, "productTypeName":"Forecast products", "productDefinitionTemplate":0, "productDefinitionTemplateName":"Analysis/forecast at horizontal level/layer at a point in time", "parameterCategory":2, "parameterCategoryName":"Momentum", "parameterNumber":3, "parameterNumberName":"V-component_of_wind", "parameterUnit":"m.s-1", "genProcessType":2, "genProcessTypeName":"Forecast", "forecastTime":0, "surface1Type":100, "surface1TypeName":"Isobaric surface", "surface1Value":40000.0, "surface2Type":255, "surface2TypeName":"Missing", "surface2Value":0.0, "gridDefinitionTemplate":0, "gridDefinitionTemplateName":"Latitude_Longitude", "numberPoints":65160, "shape":6, "shapeName":"Earth spherical with radius of 6,371,229.0 m", "gridUnits":"degrees", "resolution":48, "winds":"true", "scanMode":0, "nx":360, "ny":181, "basicAngle":0, "subDivisions":0, "lo1":0.0, "la1":90.0, "lo2":359.0, "la2":-90.0, "dx":1.0, "dy":1.0 }, "data":
[rows 78 to 116 of 181, columns 267 to 355 of 360]
4.0,4.5,3.0,1.7,0.7,-0.8,-0.6,-1.2,-2.4,-2.8,-3.8,-4.3,-4.0,-3.1,-3.2,-2.1,-3.5,-2.9,-1.7,-3.0,-2.5,-2.3,-1.5,-2.9,-2.4,-2.3,-2.8,-3.1,-2.9,-0.9,-0.2,-0.1,-0.4,-0.7,-0.2,1.0,1.6,2.5,3.7,4.5,4.2,3.9,3.8,3.7,3.3,2.3,1.8,0.8,-0.1,-0.2,-0.4,0.3,1.1,1.8,1.4,0.6,-0.2,-1.0,-0.3,2.1,3.0,3.9,3.8,1.6,0.6,-0.5,-1.3,-1.4,-2.0,-2.7,-3.4,-3.6,-4.4,-4.7,-5.3,-6.1,-6.2,-7.2,-6.0,-6.4,-5.4,-5.1,-4.3,-4.8,-3.5,-2.9,-0.7,-0.7,0.2
6.0,3.9,2.7,1.6,0.6,-0.6,-0.8,-1.0,-2.8,-3.3,-4.0,-2.5,-4.8,-4.0,-3.3,-2.6,-2.7,-3.0,-4.6,-1.6,-1.5,-1.6,-2.0,-1.8,-2.1,-2.0,-2.0,-3.0,-2.9,-1.7,-1.2,-1.3,-1.3,-1.2,-1.5,-0.3,1.7,2.2,2.0,3.9,2.8,2.5,2.5,2.4,1.9,1.9,1.5,1.0,-0.1,0.2,0.6,0.7,0.3,0.2,0.6,0.9,0.7,0.0,-0.6,0.5,0.8,1.1,1.5,-0.2,-1.0,-0.5,-0.2,-0.7,-1.3,-2.2,-3.1,-3.8,-3.9,-4.7,-4.4,-4.4,-5.0,-4.9,-5.2,-4.4,-4.5,-5.1,-4.1,-3.2,-2.4,0.4,1.6,1.1,1.7
4.7,4.0,2.7,1.8,0.9,-0.7,-1.0,-0.5,0.4,-4.3,-2.8,-5.0,-4.2,-2.2,-6.4,-2.7,-1.2,-0.7,-1.5,-2.8,-2.5,-1.8,-1.7,-2.4,-1.6,-1.8,-1.5,-1.6,-1.7,-1.3,-2.1,-1.9,-1.0,-1.2,-1.7,-0.6,0.4,0.8,3.0,3.4,2.8,2.7,1.7,1.6,2.0,1.8,1.9,-0.3,-1.0,-0.6,-0.2,0.6,0.5,-0.2,0.0,0.0,-0.1,-0.1,-0.1,-0.6,-0.1,3.3,2.5,-0.3,-1.5,-1.5,0.1,-0.1,-0.9,-1.9,-3.1,-3.5,-4.6,-5.0,-3.6,-3.0,-4.2,-4.7,-5.2,-4.1,-4.0,-3.8,-4.0,-2.0,0.4,1.4,2.2,2.7,1.5
3.9,3.5,3.1,1.7,0.6,-0.3,-0.5,-0.8,-0.2,-0.1,-3.5,-3.1,-4.2,-5.0,-6.2,-3.1,-2.5,-1.1,-0.4,-0.9,-1.3,-1.1,-1.6,-1.4,-2.3,-2.3,-2.2,-1.8,-2.7,-2.4,-2.9,-2.2,-2.0,-1.7,-1.0,-0.7,0.3,3.6,5.3,2.4,2.0,1.4,0.1,-0.3,1.2,0.8,-0.1,-1.1,-1.9,-1.2,-1.3,-1.6,-1.2,-1.1,-0.9,-0.3,-0.1,-0.5,-0.4,-1.0,-0.2,4.7,1.2,1.3,0.4,-0.5,-0.8,-0.3,-1.1,-1.5,-1.4,-2.4,-4.4,-5.9,-2.7,-2.9,-1.9,-4.4,-5.5,-2.3,-1.1,-2.1,-2.9,-0.6,0.4,2.3,2.6,2.5,2.7
2.1,1.6,2.4,2.3,0.9,-0.1,-0.5,-1.1,-1.3,-1.3,-1.4,-3.0,-3.0,-1.6,-2.3,-2.7,0.0,1.6,1.7,0.3,-2.0,-2.2,-1.8,-1.9,-2.1,-2.2,-1.6,-1.3,-1.4,-2.8,-3.0,-2.8,-2.8,-1.8,-0.4,1.1,2.5,3.4,3.6,3.2,2.4,0.8,-0.3,-0.2,1.0,1.2,-0.2,-1.3,-2.1,-2.4,-2.6,-2.3,-2.6,-1.7,-0.7,-0.1,0.1,0.0,-0.2,-0.7,-0.1,1.3,0.6,0.7,-0.8,-0.3,0.4,0.0,-1.0,-1.9,-1.5,-0.8,-1.6,-2.9,-1.2,-2.9,-1.5,-2.9,-4.4,-3.7,-3.5,-3.0,-0.9,0.9,2.1,3.0,3.1,3.1,3.0
0.2,-0.4,0.8,1.5,0.8,0.9,-0.5,-1.2,-1.4,-0.9,-1.0,-2.2,-2.1,-2.5,-0.7,0.9,1.4,0.5,3.3,1.7,-1.0,-1.4,-2.0,-2.8,-2.5,-1.3,-0.8,-1.0,-2.3,-1.9,-1.9,-1.8,-1.5,-1.2,1.2,1.7,2.8,3.6,4.0,4.0,2.9,1.8,0.7,0.1,0.5,0.6,-0.8,-1.3,-2.2,-2.7,-2.9,-2.8,-2.3,-1.5,-0.5,0.1,-0.2,1.2,0.5,-0.3,0.1,-0.5,-2.3,-1.7,-1.0,-0.6,-0.4,-1.4,-0.7,-1.3,-1.5,-2.0,-1.2,-0.5,-1.1,-1.5,-2.6,-1.6,-2.8,-3.1,-3.5,-3.6,-4.7,1.0,2.3,3.1,3.4,3.4,3.6
1.0,-0.6,-0.1,0.2,1.0,0.1,-0.6,-0.8,-0.6,-0.9,-1.9,-1.6,0.1,0.1,2.0,1.9,-0.7,1.7,1.1,-1.1,-2.0,-1.6,-2.7,-3.0,-2.8,-2.0,-1.5,-0.7,-2.6,-1.7,-2.0,-1.6,-1.1,-1.9,0.2,1.7,2.5,3.4,3.6,3.5,2.9,2.0,1.0,0.4,0.6,0.6,0.1,-0.5,-1.2,-1.3,-2.6,-2.9,-2.1,-1.6,-0.2,-0.1,0.0,0.1,-0.3,-2.0,-0.7,0.0,-0.4,0.8,-2.9,-2.2,-0.4,-0.1,-2.4,-2.7,-2.0,-2.2,-1.4,-0.4,-0.5,0.1,2.5,0.9,0.4,0.1,0.0,-0.3,-0.7,1.1,2.5,3.3,2.7,3.6,3.9
0.7,0.4,-0.2,-0.6,-1.8,-1.5,-0.2,-1.0,-0.2,-1.1,-1.7,-1.0,-1.5,-1.1,2.0,0.6,1.2,1.5,2.0,-0.4,-1.1,-2.2,-2.3,-2.9,-2.9,-2.9,-2.3,-1.8,-1.3,-1.9,-1.5,-1.3,-1.4,-0.8,-0.5,1.2,2.0,2.7,2.9,2.9,2.7,2.2,1.5,1.1,1.2,1.0,0.5,0.1,0.1,-0.3,-0.5,-1.7,-2.4,-1.3,-0.3,-0.1,-0.5,0.9,-0.3,-1.1,-3.8,-2.7,0.0,0.1,-0.7,-2.5,-1.5,-0.4,-2.1,-3.6,-2.8,-2.3,-1.6,-1.4,-0.6,0.3,1.6,0.9,0.0,0.6,0.6,0.4,0.6,1.2,2.1,2.9,3.6,3.6,3.6
-0.1,-0.3,-0.4,-2.2,-2.0,-2.0,-2.4,-1.8,-0.7,-1.0,-1.4,-0.7,-0.8,2.0,5.4,2.5,0.1,-0.2,-0.2,-0.7,-1.7,-2.0,-2.1,-2.5,-2.7,-2.6,-2.5,-2.1,-1.8,-1.9,-1.9,-1.2,-1.3,-1.0,-0.5,0.9,1.4,1.7,2.5,2.4,2.3,2.1,2.0,1.6,1.3,0.7,0.1,0.0,0.0,-0.6,-1.3,-1.2,-1.0,-0.9,0.1,0.1,-0.8,-0.7,-2.7,-0.8,0.9,-1.3,-1.8,-1.2,-0.2,-0.8,-0.4,-1.5,-2.2,-3.6,-3.4,-2.0,-2.0,-1.4,-0.1,0.1,-0.4,-0.6,0.5,1.1,1.0,0.8,1.0,1.8,2.8,3.3,4.1,3.6,3.2
0.0,-0.5,-1.4,-2.2,-2.8,-2.6,-2.9,-2.7,-1.9,-1.2,-0.8,-0.5,0.0,0.1,-1.3,0.7,0.3,-1.2,-0.6,-0.7,-0.6,-1.4,-1.6,-1.8,-2.1,-2.8,-1.5,-1.8,-1.9,-0.7,-1.1,-1.0,-0.9,-0.7,-0.7,0.2,0.6,1.4,1.6,1.4,1.4,1.8,1.5,1.5,1.2,0.6,0.2,0.1,-0.1,-0.9,-1.6,-1.6,-1.2,-1.0,-0.5,-0.3,0.4,-2.2,-1.6,-2.6,-1.7,-2.2,-2.1,-2.2,-1.9,-1.1,-0.4,-1.3,-2.5,-3.1,-2.6,-2.0,-1.3,-1.0,-1.3,-1.7,-1.7,-0.1,1.3,1.2,1.4,1.5,1.8,2.1,2.7,3.4,3.1,2.5,2.1
-0.5,-0.8,-1.4,-1.7,-2.7,-3.0,-3.2,-2.9,-1.7,-0.1,0.1,-1.5,0.7,-0.1,0.4,1.7,1.3,-0.1,-1.0,-0.7,-0.4,-0.7,-1.6,-2.1,-1.8,-0.3,-0.4,-0.8,-1.7,-2.3,-1.2,-0.6,0.0,-0.9,-1.0,-0.1,0.8,1.3,1.2,0.8,0.6,0.6,0.6,0.4,0.5,0.5,0.0,-0.4,-0.6,-0.6,-1.0,-1.1,-1.5,-0.9,-0.4,0.2,-0.1,-0.9,-2.9,-2.8,-2.8,-2.8,-2.6,-1.2,-1.9,-1.9,-2.6,-2.5,-2.5,-3.1,-2.8,-2.0,-1.9,-2.2,-1.8,-1.7,-1.0,0.3,0.9,1.2,0.8,0.6,1.0,1.5,1.9,2.1,2.1,2.1,2.0
0.1,-0.7,-0.9,-1.4,-2.3,-2.8,-3.3,-3.0,-1.8,-0.7,-0.2,-0.6,0.1,-0.1,-0.3,1.3,-0.2,-0.6,-0.4,-0.6,-0.9,-1.4,-1.5,-1.3,-1.6,-0.8,-0.8,-1.4,-2.1,-2.9,-3.0,-2.0,-1.9,-1.8,-1.2,-0.9,0.0,0.3,0.2,0.2,0.0,-0.4,-0.6,-0.5,-0.5,0.0,0.2,-0.6,-1.3,-1.3,-0.8,-0.8,-0.8,-0.4,0.2,0.4,-0.1,-1.2,-2.3,-2.8,-2.9,-2.4,-1.6,-0.1,0.4,-3.3,-4.6,-3.4,-2.3,-2.6,-2.8,-2.6,-2.4,-2.0,-1.5,-1.2,-0.8,-0.2,-0.1,-0.3,-0.3,0.2,0.9,1.2,1.3,1.3,1.5,1.5,1.9
-0.5,-1.1,-1.0,-0.9,-1.7,-2.4,-2.2,-2.1,-1.8,-1.8,-0.9,0.2,0.4,-0.2,-0.6,-0.3,-0.2,-0.3,-0.7,-0.8,-1.3,-1.4,-1.7,-1.3,-1.4,-0.9,-1.4,-1.9,-2.4,-3.3,-3.5,-3.7,-3.6,-3.4,-2.5,-1.4,-0.8,-0.7,-0.8,-1.8,-1.3,-0.9,-1.2,-1.4,-1.3,-0.9,-0.5,-0.8,-1.5,-1.8,-1.3,-1.0,-1.0,-0.9,-0.8,-0.7,-0.9,-1.5,-2.2,-2.9,-3.0,-2.2,-0.5,0.0,-1.2,-4.0,-3.9,-1.7,-2.0,-2.2,-2.4,-2.5,-2.3,-2.1,-2.0,-1.5,-0.9,-0.7,-0.6,-0.5,-0.5,0.5,1.5,1.8,1.6,1.3,1.4,1.9,2.3
-0.2,-1.1,-0.5,-0.8,-1.5,-1.5,-1.1,-0.9,-1.4,-1.0,-0.6,0.0,-0.1,0.2,-1.7,-0.2,-1.2,-1.1,-1.2,-1.4,-1.3,-1.7,-1.0,-0.8,-1.1,-1.4,-1.7,-1.6,-2.6,-3.0,-3.8,-4.4,-4.2,-3.7,-3.0,-1.5,-1.0,-1.1,-2.1,-1.7,-1.7,-1.9,-2.1,-2.3,-2.2,-1.9,-1.3,-1.5,-1.8,-1.8,-1.8,-1.7,-1.8,-2.1,-2.2,-2.0,-2.0,-2.4,-2.8,-2.8,-2.6,-2.2,-1.7,-1.6,-1.7,-1.8,-1.4,-1.4,-1.0,-1.1,-1.4,-1.9,-2.2,-1.9,-1.5,-1.2,-1.2,-1.2,-0.5,0.4,0.4,1.5,3.2,3.5,3.0,2.6,2.3,2.3,2.4
0.6,-0.1,-0.6,-0.7,-1.5,-1.3,-0.3,-0.4,-0.9,-1.2,-1.3,-1.4,-1.0,-0.5,0.2,-3.3,-3.3,-2.1,-1.4,-1.5,-2.0,-2.2,-2.1,-1.8,-2.8,-3.2,-3.0,-2.0,-2.2,-2.8,-4.2,-4.9,-4.4,-3.6,-3.0,-2.3,-1.5,-3.0,-2.6,-2.4,-2.4,-3.1,-2.5,-2.6,-2.9,-2.8,-2.8,-2.1,-1.6,-1.4,-1.7,-1.9,-2.2,-2.5,-2.8,-2.7,-2.1,-1.7,-2.0,-2.5,-2.5,-2.6,-2.6,-2.0,-1.9,-1.7,-1.6,-1.4,-1.4,-1.2,-1.0,-1.3,-1.1,-1.0,-0.5,-0.8,-1.4,-0.9,0.4,1.2,1.5,2.6,3.6,3.8,3.7,3.4,3.1,2.7,2.3
0.9,0.1,-0.2,-0.8,-1.3,-0.4,0.0,0.2,0.1,-0.4,-1.7,-2.2,-0.8,-0.6,-1.2,-4.1,-3.3,-2.9,-1.9,-2.2,-2.5,-1.9,-1.3,-1.4,-2.8,-5.0,-4.1,-4.0,-2.9,-3.1,-3.8,-4.8,-5.2,-4.5,-3.4,-3.1,-3.6,-3.5,-3.5,-3.5,-3.2,-2.5,-3.2,-3.2,-3.2,-3.6,-3.6,-3.1,-1.9,-1.4,-1.3,-1.6,-1.9,-2.5,-2.7,-2.9,-2.8,-1.9,-1.8,-2.1,-2.3,-2.5,-2.8,-2.4,-2.2,-1.8,-1.8,-2.0,-2.2,-2.4,-1.8,-0.9,0.0,0.7,0.5,0.0,-0.3,0.3,1.1,1.8,2.3,2.8,3.4,3.7,3.6,3.1,2.4,2.4,2.5
0.8,0.4,0.1,-0.5,-0.5,-0.7,-0.9,-0.8,-0.9,-1.0,-1.2,-1.1,-3.8,0.1,-2.4,-4.0,-3.1,-2.5,-3.0,-2.7,-2.7,-2.6,-2.2,-1.9,-2.7,-4.9,-5.9,-4.7,-4.0,-3.2,-4.3,-3.9,-4.1,-4.4,-4.6,-4.0,-4.0,-3.6,-3.0,-3.4,-3.8,-3.5,-3.5,-3.6,-3.6,-3.3,-2.8,-3.0,-2.9,-2.1,-2.2,-2.3,-1.2,-1.8,-2.4,-2.9,-3.0,-2.9,-1.7,-1.7,-2.4,-2.0,-2.2,-2.5,-2.2,-2.2,-1.2,-1.5,-1.4,-1.7,-2.2,-1.2,0.0,0.9,1.6,2.0,1.9,2.0,2.3,2.7,2.9,2.9,2.9,3.0,2.9,2.4,1.9,1.8,1.8
0.9,0.4,0.3,-0.3,-0.6,-1.3,-1.4,-1.4,-1.1,-0.8,-1.2,-2.8,-2.9,-3.8,-3.6,-3.6,-3.4,-2.9,-3.3,-3.0,-2.4,-2.1,-1.8,-2.1,-2.5,-4.4,-5.1,-4.6,-4.1,-4.1,-4.0,-4.2,-3.9,-4.2,-4.8,-4.4,-3.5,-3.3,-2.9,-3.2,-3.5,-3.3,-2.9,-3.0,-3.6,-3.4,-3.0,-2.7,-2.3,-2.6,-2.7,-2.9,-2.8,-1.8,-1.3,-1.5,-1.7,-1.7,-1.0,-0.6,-1.2,-1.8,-1.6,-2.1,-1.7,-1.3,-1.2,-0.6,-0.4,-0.8,-0.7,-0.7,0.0,1.1,1.9,2.1,2.1,2.6,3.2,3.7,3.8,3.3,2.9,2.6,2.1,1.8,2.3,2.5,2.6
1.0,0.7,0.2,-0.3,-0.9,-1.3,-1.1,-1.2,-0.9,-0.4,-0.4,-1.6,-3.5,-3.1,-4.1,-2.2,-2.3,-1.2,-1.7,-2.3,-2.4,-1.9,-1.3,-0.9,-1.9,-4.2,-4.6,-4.9,-4.8,-5.0,-4.8,-4.4,-4.0,-4.3,-4.5,-4.0,-4.0,-3.0,-2.6,-3.3,-3.2,-2.9,-2.4,-2.9,-3.5,-3.4,-3.7,-3.6,-3.3,-2.5,-2.4,-2.9,-2.6,-2.1,-1.0,0.0,-0.1,-0.7,-0.6,0.5,0.4,-0.3,-1.5,-1.8,-1.6,-1.1,-0.9,-0.8,-0.5,-0.2,-0.4,-0.4,-0.1,0.7,1.3,2.0,2.7,3.2,3.7,3.8,3.7,3.5,3.1,2.7,2.3,1.6,1.6,2.1,2.2
1.2,0.7,0.1,-0.5,-0.9,-1.2,-0.9,-0.8,-0.8,-0.8,0.2,-1.4,-3.0,-3.3,-1.0,-2.7,-1.1,0.2,0.3,-0.8,-1.6,-1.4,-0.9,-0.7,-2.8,-4.2,-3.6,-4.1,-4.5,-4.7,-4.7,-4.4,-3.8,-4.0,-4.9,-4.7,-2.6,-3.4,-2.3,-2.4,-2.3,-1.9,-1.2,-2.0,-2.6,-2.5,-3.4,-3.7,-3.7,-2.8,-2.2,-2.0,-1.8,-1.6,-0.8,-0.2,0.5,0.6,1.1,0.6,0.9,0.0,-1.1,-1.9,-2.0,-1.7,-1.3,-0.8,-1.0,-1.1,-0.7,-0.5,-0.3,0.2,0.7,1.4,2.0,2.8,3.4,3.3,3.0,2.8,3.0,3.0,2.7,2.1,1.3,0.9,0.7
1.1,0.9,0.2,-0.5,-0.7,-1.1,-1.3,-1.2,-1.0,-0.9,-1.6,-1.7,-0.8,-0.4,-0.9,-0.5,-1.5,-0.2,0.0,-0.2,0.2,0.5,0.0,-0.2,-1.2,-1.3,-1.6,-1.7,-3.1,-4.3,-4.3,-4.7,-4.1,-4.0,-3.9,-4.1,-4.4,-3.1,-2.8,-1.0,-1.3,-1.1,-1.1,-1.5,-2.3,-2.2,-2.3,-2.4,-2.8,-2.7,-2.2,-1.5,-1.3,-0.8,-0.7,-1.7,-1.3,-0.5,0.3,1.1,1.0,0.8,0.0,-1.0,-1.5,-1.8,-2.0,-1.9,-1.5,-1.1,-0.8,-0.2,0.0,0.0,0.3,1.4,2.2,2.4,2.4,2.4,2.1,2.3,2.7,3.0,2.8,2.3,1.7,1.3,1.2
0.4,0.4,0.4,0.0,-0.4,-0.6,-1.3,-1.6,-1.5,-1.2,-1.4,-1.8,-1.2,-0.5,0.1,-1.0,-3.1,-0.2,0.4,-0.7,-0.1,2.7,0.9,0.4,0.0,-0.4,-0.7,-1.3,-2.9,-3.4,-4.6,-4.5,-4.3,-3.5,-3.6,-3.7,-4.4,-3.5,-1.8,-2.1,-0.9,-0.9,-0.3,-0.4,-0.4,-1.0,-0.9,-1.5,-2.1,-1.5,-0.9,-0.2,0.3,-0.1,-0.6,-0.9,-1.4,-1.4,-0.9,0.0,0.0,0.5,-0.2,-0.4,-0.9,-1.0,-0.8,-1.1,-1.4,-1.3,-1.0,-0.8,-0.7,-0.1,0.9,1.5,1.6,2.6,3.2,2.2,1.4,1.8,2.6,3.2,3.3,3.1,2.4,2.0,1.7
-0.3,-0.3,-0.3,-0.2,-0.2,-0.3,-0.8,-1.8,-2.1,-2.3,-1.8,-2.0,-2.0,-0.4,-0.7,-0.2,-1.5,-0.3,0.3,0.5,1.5,0.5,1.0,1.5,1.0,-0.6,0.6,1.0,-0.6,-3.4,-4.6,-5.2,-4.6,-4.2,-4.0,-4.2,-3.8,-3.1,-2.8,-2.4,-2.8,-1.8,-1.8,0.7,0.5,0.8,1.0,0.4,0.8,-0.1,0.7,1.0,0.5,0.2,-0.3,-0.9,-1.6,-1.6,-2.0,-1.7,-0.4,-0.8,-1.1,-1.5,-1.4,-1.1,-0.9,-0.7,-0.3,0.2,0.4,0.6,1.2,1.8,1.2,0.4,1.5,1.6,1.4,2.2,1.9,2.0,2.6,3.2,3.5,4.0,3.5,2.5,1.8
-0.9,-0.4,-0.2,-0.2,-0.2,-0.3,-0.3,-1.4,-2.2,-2.9,-2.8,-2.9,-3.0,-2.6,-2.2,-2.1,0.2,-1.0,0.8,-0.2,1.6,1.6,1.3,2.0,1.1,1.2,-0.6,1.9,0.5,-3.7,-4.1,-3.8,-5.1,-5.1,-4.9,-3.8,-4.1,-5.0,-3.7,-4.4,-3.2,-2.3,-1.7,-0.5,0.8,0.0,1.4,0.5,0.6,1.3,1.4,1.0,1.0,0.4,-0.5,-1.1,-1.4,-1.9,-1.8,-2.1,-1.9,-1.2,-1.3,-1.8,-1.1,-0.7,-0.7,-1.0,-0.9,-0.5,0.1,0.4,0.6,1.0,1.5,0.7,0.7,1.4,2.1,1.6,1.5,1.7,2.3,3.0,3.3,3.9,3.7,3.3,2.8
-1.3,-0.8,-0.4,0.0,0.0,-0.1,-0.2,-0.5,-2.0,-2.7,-3.4,-3.3,-3.8,-4.5,-4.9,-2.5,-4.0,-0.8,0.4,0.8,1.4,2.1,1.6,3.4,3.4,2.9,4.3,2.5,-0.3,-1.4,-4.4,-3.8,-3.8,-4.2,-3.3,-3.6,-4.0,-4.5,-4.1,-5.1,-3.3,-2.3,-1.8,-1.5,-0.3,1.4,0.5,-0.3,1.2,0.7,1.2,1.5,1.0,0.4,-0.8,-1.2,-1.1,-0.7,-0.5,-1.0,-1.5,-1.8,-1.9,-1.5,-1.0,-0.8,-1.1,-1.4,-1.6,-1.7,-1.3,-0.9,-0.5,0.1,0.8,0.9,0.2,0.6,1.0,1.2,1.3,1.3,1.7,3.0,3.4,4.0,4.3,3.7,3.1
-1.7,-1.0,-0.7,-0.1,0.3,-0.1,-0.2,0.1,-1.1,-2.7,-3.6,-3.4,-3.9,-5.1,-5.4,-4.3,-3.8,-3.9,0.5,0.1,1.2,2.8,4.1,3.4,3.5,4.7,7.0,4.7,4.6,-0.2,-1.3,-2.9,-4.2,-1.9,-1.1,-1.5,-3.6,-4.3,-4.2,-6.8,-5.0,-1.6,-2.2,-2.2,-1.7,-0.9,-0.1,3.1,5.3,1.1,-1.0,-0.1,0.7,0.7,0.5,-0.1,-0.6,-1.2,-1.5,-1.8,-1.8,-1.6,-1.9,-1.7,-1.1,-0.9,-1.4,-1.7,-1.7,-1.7,-1.8,-1.5,-1.2,-0.8,0.0,0.7,0.8,0.6,0.3,-0.2,0.1,0.7,1.0,1.7,2.9,3.6,4.4,4.6,3.6
-2.3,-1.2,-0.3,0.0,0.2,0.3,0.5,0.5,-0.2,-1.7,-2.9,-3.5,-3.8,-4.6,-4.5,-4.2,-4.8,-3.5,-2.8,0.4,0.6,3.2,4.0,3.1,3.7,4.4,4.6,3.3,4.1,7.1,0.1,-2.2,-1.9,-0.8,-1.3,-2.1,-2.8,-2.8,-2.8,-4.2,-4.5,-4.5,-2.8,-2.6,-1.2,-1.6,1.1,0.5,-1.2,0.7,-1.5,-0.3,0.0,0.1,0.2,-0.1,-0.7,-1.2,-1.6,-1.7,-1.7,-1.4,-0.9,-0.7,-0.9,-0.6,-0.4,-0.6,-0.6,-0.8,-1.3,-1.5,-1.3,-1.1,-0.6,0.0,0.6,0.8,0.4,-0.8,-1.2,-0.8,0.1,0.7,1.2,2.4,3.3,4.0,4.4
-1.9,-1.3,-0.4,0.4,0.7,0.8,1.2,0.9,0.2,-0.8,-2.2,-2.9,-2.6,-2.9,-3.8,-4.4,-4.2,-3.6,-2.7,-2.3,-0.1,-1.4,1.4,3.4,4.4,5.2,4.4,3.3,4.6,5.3,1.5,-1.2,-0.9,-2.4,-1.0,-3.3,-3.3,-2.7,-3.9,-4.5,-4.4,-4.6,-2.6,-1.9,-1.8,-2.2,-6.1,-1.0,-2.5,-1.9,-1.3,0.1,0.4,1.4,0.8,-0.2,-0.5,-0.2,-0.5,-1.2,-1.4,-1.3,-1.3,-1.0,0.1,0.8,0.5,0.3,0.5,0.7,0.1,-0.8,-1.2,-0.9,-0.4,-0.1,0.2,0.2,-0.1,-0.6,-1.5,-1.9,-1.4,-0.4,0.5,1.0,1.8,2.7,3.2
-1.0,-0.9,-0.6,0.1,0.9,1.3,0.9,0.2,-0.1,-1.0,-1.6,-1.7,-1.3,-1.0,-1.5,-2.8,-2.7,-2.0,-1.6,-1.2,-1.9,-0.6,2.9,2.5,3.4,3.9,3.8,3.7,4.7,1.6,0.4,-0.3,-1.0,-0.8,0.8,-1.4,-3.2,-3.1,-2.9,-3.5,-3.5,-4.3,-2.4,-1.5,-1.2,-1.9,-0.1,1.5,1.9,-0.5,-0.6,0.1,0.6,0.6,0.6,0.4,-0.6,-1.4,-2.7,-3.1,-1.9,-1.3,-1.5,-1.4,-0.7,-0.1,-0.5,-0.5,-0.1,0.2,0.1,-0.4,-0.8,-1.0,-0.9,-0.5,0.2,-0.1,-0.8,-1.6,-2.0,-2.4,-2.7,-2.3,-1.3,-0.3,0.3,0.8,2.0
-1.0,-0.8,-0.5,-0.2,0.2,0.7,0.3,-0.6,-1.1,-1.4,-1.8,-1.5,-0.9,-1.0,-1.5,-1.5,-1.4,-0.9,-0.1,0.5,-1.1,0.6,1.7,3.5,4.0,5.2,3.2,5.0,3.0,4.2,4.8,3.2,2.2,2.0,1.9,0.0,-1.7,-2.7,-1.5,-2.0,-2.7,-1.5,-0.8,-0.8,0.9,1.8,2.9,3.2,0.9,-1.6,-2.2,-1.9,-1.5,-0.7,-0.4,-0.6,-2.2,-2.9,-3.2,-2.9,-2.1,-1.6,-1.4,-1.1,-1.0,-1.2,-0.9,-0.5,-0.2,0.0,0.1,0.1,-0.2,-0.7,-1.0,-1.2,-1.2,-1.3,-1.9,-2.7,-3.4,-3.4,-3.1,-3.3,-3.0,-2.3,-1.4,-0.5,0.2
-0.9,-1.4,-1.2,-0.4,-0.1,-0.2,-0.7,-1.5,-2.0,-2.1,-1.9,-1.7,-0.8,-0.4,-0.8,-1.3,-1.0,-0.3,0.6,1.6,2.4,2.5,1.7,2.6,1.8,6.5,5.0,3.6,4.6,6.0,4.2,3.9,3.2,2.4,2.0,0.9,-1.2,-2.0,-1.8,-2.5,-1.8,-1.3,-1.9,-0.2,0.9,1.3,0.7,-2.3,-2.2,-2.1,-1.9,-1.6,-1.1,-1.1,-0.9,-1.4,-2.4,-3.0,-2.7,-1.9,-1.6,-2.2,-2.2,-2.0,-1.6,-0.8,-0.1,0.2,0.2,-0.1,-0.4,-0.4,-0.5,-0.4,-0.6,-0.9,-1.1,-1.1,-1.3,-1.9,-2.8,-3.4,-3.5,-3.2,-3.0,-2.7,-2.5,-1.7,-0.9
0.0,-0.8,-1.3,-1.5,-0.8,-0.4,-1.0,-1.7,-2.2,-2.4,-2.1,-1.7,-1.3,-0.8,-0.5,-0.5,-0.1,0.6,1.2,2.0,2.7,3.5,3.8,3.8,2.1,2.2,8.6,5.8,6.7,5.4,4.8,3.3,2.2,2.2,2.1,1.8,1.1,0.0,-0.6,-1.2,-1.5,-0.9,-1.2,-1.0,-0.6,0.4,0.6,-0.9,-2.3,-2.7,-1.2,-0.6,-0.7,0.1,-0.5,-1.1,-2.0,-2.5,-2.6,-2.4,-2.5,-3.3,-3.8,-3.4,-2.2,-1.0,0.0,0.7,1.1,1.1,0.7,0.3,0.1,-0.2,-0.2,-0.3,-0.3,-0.7,-0.9,-1.2,-1.7,-2.4,-3.0,-3.1,-3.0,-2.7,-1.9,-1.3,-0.8
1.2,0.6,-0.5,-1.5,-1.8,-1.1,-0.8,-1.5,-1.9,-1.8,-1.8,-1.4,-1.0,-0.6,-0.2,0.0,0.0,0.3,0.9,1.7,2.6,3.6,4.7,4.0,2.6,3.4,5.0,6.0,7.0,6.4,5.0,4.5,4.7,3.9,2.9,2.0,1.7,1.1,0.4,-0.5,-1.2,-1.4,-1.4,-1.1,-0.6,-0.7,-0.7,-2.3,-1.6,-1.3,-1.3,-1.3,-1.6,0.5,0.4,-0.5,-1.3,-2.0,-2.4,-3.0,-3.8,-4.4,-4.4,-3.0,-1.4,0.1,1.2,2.0,2.2,1.9,1.7,1.3,0.9,0.6,0.1,-0.1,-0.4,-0.6,-0.7,-1.0,-1.3,-1.6,-1.9,-2.4,-2.8,-3.0,-2.9,-2.3,-1.6
1.0,1.0,0.6,-0.3,-1.6,-1.7,-1.4,-1.5,-1.4,-1.2,-0.8,-0.7,-0.4,-0.4,-0.5,-0.4,0.1,0.7,1.1,1.2,1.4,2.1,3.3,4.1,3.1,3.7,-0.7,7.6,8.9,6.5,6.4,5.7,4.4,4.4,3.2,1.6,1.4,2.0,2.1,1.0,-0.1,-0.9,-1.1,-1.4,-1.0,-0.8,-1.9,-2.8,-2.7,-2.1,-1.9,-1.8,-0.2,-0.2,-0.4,-0.8,-1.8,-2.7,-3.3,-3.4,-4.2,-4.8,-4.2,-2.5,-0.6,0.9,1.8,2.4,2.6,2.6,2.4,2.2,1.8,1.0,0.6,0.1,-0.1,0.0,-0.4,-0.5,-0.4,-0.7,-1.0,-1.1,-1.4,-1.7,-2.1,-2.6,-2.5
0.3,0.8,0.7,0.2,-0.4,-1.6,-1.8,-1.9,-1.7,-1.3,-1.0,-1.2,-1.3,-1.0,-0.9,-0.9,-0.7,-0.5,-0.2,0.1,0.6,1.3,2.2,3.6,4.4,5.1,3.5,4.8,5.2,6.8,7.2,6.3,6.2,4.6,1.6,-0.2,0.4,0.9,1.4,1.4,0.8,-0.4,-0.9,-0.6,-0.1,-0.4,-1.3,-1.6,-2.0,-0.2,0.2,-0.3,0.0,-0.6,-0.2,-1.3,-2.5,-3.4,-4.1,-4.1,-4.0,-4.0,-3.5,-2.2,-0.6,0.7,1.6,2.2,2.5,2.9,3.2,3.2,2.7,1.8,0.9,0.5,0.5,0.1,0.2,0.3,0.2,0.4,0.6,0.4,0.2,-0.2,-0.5,-0.8,-1.3
-1.5,0.1,0.5,0.4,-0.1,-1.0,-2.2,-2.3,-2.4,-2.0,-1.9,-2.2,-1.6,-0.7,-0.2,0.0,0.2,0.6,0.9,1.2,1.5,2.0,2.6,3.5,5.1,4.9,5.4,1.7,4.6,6.4,9.7,8.5,7.0,4.7,2.6,2.0,1.6,0.4,-0.3,-1.2,-1.0,-0.6,-0.9,-0.9,-0.5,-0.7,-0.6,-1.2,-2.1,-1.5,-1.1,0.4,1.4,0.2,-0.5,-1.4,-2.5,-3.6,-4.6,-5.0,-4.8,-4.1,-3.2,-1.9,-0.7,0.1,0.7,1.2,1.7,2.6,3.4,3.6,3.1,2.1,1.0,0.3,0.1,0.3,0.6,0.7,0.9,1.2,1.6,1.9,1.9,1.5,1.0,0.4,-0.3
-4.6,-2.5,-0.6,0.0,-0.3,-0.9,-1.8,-2.5,-2.8,-3.0,-2.6,-2.5,-1.7,-0.6,0.3,0.8,1.3,1.8,2.2,2.5,2.9,3.3,3.7,3.8,5.1,6.5,3.9,2.6,4.6,5.8,8.4,8.8,7.9,6.2,4.9,4.2,3.3,2.4,0.5,-0.8,-1.8,-1.6,-0.3,0.0,1.1,0.1,-1.0,-1.8,-2.5,-2.7,-2.5,-1.9,-1.2,-0.5,-0.7,-1.8,-2.4,-3.2,-4.0,-4.5,-4.4,-3.8,-3.0,-2.3,-1.6,-1.1,-0.8,-0.2,0.8,2.2,3.5,3.7,2.7,1.3,0.5,0.1,-0.2,0.1,0.5,0.9,1.4,1.6,2.0,2.5,2.7,2.9,2.7,2.0,1.0
-6.0,-5.4,-3.7,-1.7,-1.0,-1.1,-1.7,-2.7,-3.2,-3.7,-3.9,-3.1,-2.1,-1.4,-0.4,0.8,1.8,2.6,3.3,3.9,4.6,5.2,5.6,6.3,6.4,5.7,4.4,6.0,8.2,8.9,9.5,8.8,8.4,7.7,6.5,5.0,3.8,2.7,1.5,0.5,-0.1,-1.6,-1.1,-0.2,1.1,1.4,0.8,-0.1,-0.8,-1.2,-1.3,-1.5,-1.6,-1.7,-1.9,-2.5,-2.9,-3.3,-3.6,-3.6,-3.5,-3.3,-2.8,-2.5,-2.4,-2.4,-1.9,-0.8,0.8,2.5,3.2,2.8,2.0,1.1,0.1,-0.5,-0.1,0.1,0.3,0.9,1.3,1.7,2.1,2.4,2.6,2.9,2.9,2.7,2.0
-5.8,-6.1,-5.8,-4.6,-3.0,-2.2,-2.2,-2.4,-3.0,-3.4,-3.7,-3.9,-2.8,-1.5,-0.4,0.8,2.3,3.5,4.3,5.2,6.1,6.9,7.5,7.7,7.7,7.9,8.0,7.4,7.7,9.2,10.7,11.0,10.0,8.5,7.1,5.9,4.2,2.4,1.0,0.7,-0.9,-1.1,-1.2,-0.1,1.1,1.0,1.7,1.6,1.6,1.2,0.9,0.4,-0.3,-1.3,-2.0,-2.3,-3.2,-3.6,-3.8,-4.1,-3.8,-3.2,-2.9,-2.8,-2.9,-2.7,-2.0,-0.8,0.6,1.6,2.0,2.4,2.5,2.3,1.7,1.1,0.4,0.4,0.9,1.0,1.2,1.4,1.6,1.8,2.2,2.2,2.3,2.2,1.8
