dist/data/20160925_500.json
{"header": { "discipline":0, "disciplineName":"Meteorological products", "gribEdition":2, "gribLength":73132, "center":7, "centerName":"US National Weather Service - NCEP(WMC)", "subcenter":0, "refTime":"2016-09-25T00:00:00.000Z", "significanceOfRT":1, "significanceOfRTName":"Start of forecast", "productStatus":0, "productStatusName":"Operational products", "productType":1, "productTypeName":"Forecast products", "productDefinitionTemplate":0, "productDefinitionTemplateName":"Analysis/forecast at horizontal level/layer at a point in time", "parameterCategory":2, "parameterCategoryName":"Momentum", "parameterNumber":2, "parameterNumberName":"U-component_of_wind", "parameterUnit":"m.s-1", "genProcessType":2, "genProcessTypeName":"Forecast", "forecastTime":0, "surface1Type":100, "surface1TypeName":"Isobaric surface", "surface1Value":50000.0, "surface2Type":255, "surface2TypeName":"Missing", "surface2Value":0.0, "gridDefinitionTemplate":0, "gridDefinitionTemplateName":"Latitude_Longitude", "numberPoints":65160, "shape":6, "shapeName":"Earth spherical with radius of 6,371,229.0 m", "gridUnits":"degrees", "resolution":48, "winds":"true", "scanMode":0, "nx":360, "ny":181, "basicAngle":0, "subDivisions":0, "lo1":0.0, "la1":90.0, "lo2":359.0, "la2":-90.0, "dx":1.0, "dy":1.0 }, "data":
[rows 140 to 174 of 181, columns 237 to 315 of 360]
11.1,8.45,6.12,4.34,2.76,1.07,-0.7,-1.92,-1.5,1.35,3.42,3.5,3.3,3.38,4.01,4.97,5.81,6.81,7.84,8.8,9.02,9.16,10.96,14.42,16.81,17.15,16.81,17.56,16.18,15.37,13.1,12.51,11.71,12.12,7.4,9.7,11.06,10.87,10.67,11.3,11.88,13.47,13.83,13.17,13.11,12.2,10.71,9.17,8.66,7.78,9.6,9.23,10.25,10.95,12.62,12.92,13.01,12.87,12.47,11.74,10.85,10.1,9.44,8.98,8.07,6.13,4.17,3.56,3.69,3.71,3.1,2.54,2.43,2.44,1.35,1.23,0.77,-2.62,-1.04
15.12,12.62,10.02,7.77,6.03,4.49,3.12,1.56,0.74,1.22,3.61,6.64,8.17,8.48,9.05,9.06,8.62,9.32,10.14,11.25,12.14,12.23,10.93,10.4,14.17,17.46,18.2,18.32,18.82,17.26,15.68,14.03,12.9,13.25,12.71,10.23,10.0,10.19,11.32,11.93,13.89,15.69,17.3,17.26,15.27,13.0,11.46,10.59,10.66,10.59,11.86,12.78,13.43,14.37,14.57,14.36,13.59,13.15,12.98,12.58,11.94,11.02,10.31,9.74,8.77,6.67,4.04,2.25,1.7,2.21,3.32,3.43,2.14,1.35,2.25,2.68,2.8,2.73,1.48
18.61,16.52,14.08,11.53,9.34,7.6,5.94,4.55,3.11,2.03,2.37,4.32,7.45,9.35,10.28,9.64,8.21,8.2,8.79,9.27,10.0,11.25,11.8,10.82,10.02,14.37,18.47,19.15,19.99,20.01,18.15,16.31,15.04,13.94,16.9,16.54,13.26,12.98,13.44,14.65,15.33,16.78,17.92,17.97,16.66,15.36,14.45,14.12,13.89,14.03,14.82,15.56,15.56,15.61,15.06,14.95,14.3,14.15,13.83,13.51,12.98,12.09,11.03,10.48,9.55,7.61,5.16,3.33,2.41,1.8,0.96,0.68,1.43,2.31,2.62,3.03,4.24,5.59,6.15
21.32,19.47,17.49,15.13,12.72,10.67,8.77,6.82,5.18,3.45,2.23,1.92,3.43,6.38,8.6,9.33,8.61,7.9,8.11,8.03,7.92,8.46,9.04,9.82,9.37,9.86,14.48,18.48,19.26,20.2,19.68,17.57,16.64,15.18,14.97,18.62,20.0,17.31,16.48,17.58,18.12,17.82,17.79,18.03,18.3,18.26,17.96,17.72,17.57,17.0,17.46,16.62,16.57,16.63,15.69,15.58,15.65,15.11,14.68,14.56,13.93,12.8,11.28,10.57,9.79,7.97,6.05,4.06,2.36,0.93,-0.1,-0.58,-0.56,-0.04,0.88,2.09,3.52,4.96,6.41
23.29,21.86,20.08,18.12,15.92,13.7,11.8,9.62,7.47,5.56,3.53,2.0,1.3,2.63,5.21,7.67,8.47,8.17,7.66,6.76,6.26,6.38,7.17,7.64,7.8,7.4,10.01,14.1,17.14,18.26,18.61,17.54,16.51,16.51,15.51,15.16,16.54,17.9,18.52,18.49,18.41,18.32,18.13,17.93,18.08,18.64,19.12,19.4,19.49,19.45,19.57,18.17,19.35,18.24,17.37,16.74,17.35,15.87,15.09,14.5,13.29,11.9,10.94,10.27,9.68,8.95,8.21,7.19,5.93,4.73,3.75,2.9,2.27,2.02,2.25,2.96,4.01,5.29,6.69
25.13,24.0,22.38,20.47,18.49,16.39,14.6,12.78,10.48,8.49,6.54,4.46,2.7,1.83,2.42,4.29,6.55,7.62,7.24,6.42,5.97,6.14,6.26,6.22,6.74,4.93,4.84,9.13,13.19,15.8,17.06,16.59,16.41,15.99,17.03,16.83,15.88,16.21,16.53,16.45,16.47,16.89,17.41,17.84,18.37,18.97,19.54,19.96,20.1,20.11,20.23,20.29,19.82,20.12,19.33,17.23,16.69,16.42,14.11,12.91,11.87,11.03,10.84,10.94,11.07,11.15,11.03,10.61,9.89,8.98,8.01,7.16,6.56,6.25,6.22,6.5,7.08,7.94,8.94
26.11,25.5,24.36,22.49,20.53,18.7,16.91,15.62,13.93,11.85,10.07,8.24,6.28,4.37,3.07,2.87,3.9,5.59,6.26,5.79,4.91,4.23,2.46,1.84,5.45,4.9,3.95,4.16,9.58,12.83,16.22,16.9,16.17,17.22,16.88,17.77,18.63,18.29,17.81,18.06,18.61,18.99,19.16,19.36,19.63,19.86,19.93,19.92,19.86,19.61,19.44,19.34,19.21,18.47,17.61,16.68,15.02,14.86,13.78,12.36,11.58,10.88,10.71,10.98,11.52,12.08,12.5,12.66,12.54,12.25,11.95,11.69,11.53,11.48,11.52,11.63,11.71,11.69,11.62
26.1,25.83,25.26,24.17,22.26,20.57,19.07,17.78,16.93,15.31,13.62,11.88,10.04,8.02,6.03,4.57,3.83,4.1,5.06,5.62,5.0,5.09,2.73,3.0,3.9,3.87,4.96,7.09,8.01,12.38,14.0,18.35,18.88,17.82,19.16,18.74,18.6,19.39,20.65,20.85,20.87,21.17,21.44,21.62,21.68,21.45,20.96,20.28,19.59,19.11,18.67,18.46,18.2,17.87,16.87,16.31,15.51,13.93,13.68,13.28,12.31,11.39,10.75,10.5,10.58,11.02,11.69,12.43,13.17,13.84,14.45,14.99,15.47,15.9,16.23,16.38,16.34,16.21,15.85
25.96,25.72,25.39,24.83,23.7,22.16,20.73,19.64,19.14,18.26,16.78,15.24,13.49,11.48,9.44,7.54,6.19,5.52,5.32,6.03,6.5,6.54,6.96,5.42,6.58,7.42,6.67,5.28,5.99,8.42,14.81,16.36,20.44,23.53,20.64,21.51,22.34,21.37,20.39,21.16,22.7,23.31,23.4,23.59,23.7,23.55,23.13,22.55,21.94,21.25,20.51,19.95,19.72,19.41,18.88,18.27,17.8,17.53,16.81,16.08,15.83,15.78,15.76,15.75,15.84,16.1,16.5,16.99,17.6,18.28,18.93,19.51,20.01,20.42,20.7,20.78,20.7,20.51,20.03
26.44,25.73,25.4,25.03,24.34,23.35,22.3,21.78,21.52,20.75,19.43,17.97,16.42,14.63,12.62,10.73,9.11,8.1,7.7,7.42,7.98,8.67,8.57,8.69,8.27,7.8,8.34,9.04,8.35,6.52,5.64,13.17,20.25,21.61,24.91,24.51,24.28,24.19,23.54,22.04,21.16,22.22,24.26,25.87,26.42,26.27,25.92,25.57,25.18,24.71,24.17,23.59,23.18,23.04,22.96,22.68,22.39,22.24,22.08,22.0,22.02,22.13,22.36,22.66,23.0,23.32,23.6,23.87,24.15,24.4,24.61,24.77,24.9,24.92,24.64,24.16,23.56,22.72,21.65
27.11,26.35,25.84,25.5,25.25,25.03,24.85,24.53,24.03,22.98,21.64,20.19,18.63,17.2,15.51,13.54,11.87,10.6,9.9,9.74,9.66,10.1,11.0,10.82,10.5,11.1,11.3,10.85,10.69,10.81,11.03,9.07,8.66,16.96,24.63,26.2,26.66,26.79,27.45,26.9,26.5,25.41,23.4,22.19,22.33,23.57,25.49,27.4,28.77,29.46,29.52,29.19,28.81,28.51,28.31,28.27,28.37,28.53,28.76,29.04,29.33,29.6,29.88,30.04,30.0,29.98,29.84,29.51,29.34,29.2,28.84,28.26,27.57,26.8,25.95,25.16,24.39,23.45,22.23
27.98,27.27,26.83,26.8,26.94,27.11,27.08,26.68,25.86,24.88,23.59,22.21,20.71,19.2,17.71,16.13,14.43,13.0,12.11,11.57,11.47,11.66,12.12,12.96,13.04,12.04,11.3,12.25,14.14,15.17,15.0,13.94,12.96,10.6,11.04,18.16,27.68,30.69,29.07,29.33,30.97,31.32,31.02,30.7,29.65,28.22,27.2,26.35,25.81,25.88,26.69,28.18,30.01,31.73,32.98,33.88,34.63,35.31,35.9,36.37,36.71,36.92,36.96,36.74,36.27,35.84,34.58,33.64,33.25,32.15,30.82,29.74,29.07,28.25,27.24,26.29,25.67,25.16,24.23
30.54,30.66,30.56,30.22,29.89,29.66,29.12,28.43,27.47,26.32,25.09,23.85,22.59,21.27,19.74,18.26,16.89,15.56,14.54,13.81,13.33,13.26,13.49,14.03,14.71,14.92,14.24,12.9,12.01,11.59,12.15,13.83,16.03,17.42,17.12,13.68,11.75,13.59,22.01,30.35,33.3,32.77,32.49,32.66,33.03,34.03,34.75,34.0,32.73,31.92,31.38,30.8,30.18,29.72,29.59,29.92,30.67,31.75,32.96,34.13,35.22,35.78,36.14,36.36,36.97,36.12,34.47,34.34,34.26,32.69,30.97,30.02,29.55,29.44,28.8,28.06,27.79,28.09,28.38
27.99,28.82,29.42,29.83,29.86,29.7,29.1,28.15,27.29,26.23,25.28,24.49,23.73,22.92,21.73,20.36,19.13,18.06,17.21,16.42,15.76,15.3,15.12,15.37,16.03,16.7,16.75,15.91,14.64,13.52,12.8,12.76,13.16,13.83,15.16,17.31,19.37,19.51,15.95,13.36,12.99,16.92,24.35,31.74,36.41,37.18,35.27,33.67,34.17,35.87,37.04,37.2,36.83,36.34,35.88,35.43,34.94,34.41,34.28,34.49,35.02,34.85,34.22,33.88,32.51,32.26,31.34,32.11,31.25,29.85,28.62,28.17,28.44,29.18,29.58,29.7,29.76,29.83,30.07
23.85,23.97,24.18,24.49,24.77,24.98,25.14,25.1,24.99,24.78,24.53,24.35,24.17,23.8,22.99,22.08,21.24,20.3,19.49,18.86,18.15,17.43,17.01,16.85,17.0,17.57,18.21,18.14,17.3,15.85,14.3,13.38,12.57,12.09,12.88,14.13,14.92,15.97,17.43,18.65,18.89,17.92,16.09,15.64,16.19,17.82,21.13,25.55,29.94,33.43,35.87,37.64,38.98,39.92,40.73,41.35,41.69,42.09,42.56,43.22,43.97,43.68,42.67,43.22,41.86,40.47,37.52,35.4,33.43,32.28,32.17,31.85,31.53,31.61,31.75,31.92,32.34,33.02,33.77
22.34,22.75,23.13,23.34,23.39,23.51,23.58,23.59,23.71,23.85,24.0,24.09,24.11,23.98,23.65,23.29,22.79,22.12,21.41,20.96,20.49,19.64,18.75,18.21,17.99,17.98,18.31,18.74,18.64,17.75,16.42,15.05,13.8,12.63,11.64,11.34,11.96,13.15,14.42,15.62,16.8,17.74,18.05,17.77,17.58,17.88,18.5,19.06,19.44,19.65,19.91,20.46,21.35,22.54,24.09,25.85,27.66,30.3,32.64,34.12,39.95,44.72,47.16,47.39,47.44,47.12,46.1,44.23,42.77,41.57,40.38,39.41,38.68,38.51,38.74,39.16,39.81,40.73,41.59
20.9,21.15,21.6,22.08,22.46,22.68,22.88,23.17,23.49,23.82,24.11,24.31,24.41,24.42,24.48,24.52,24.48,24.33,23.86,23.07,22.43,21.92,21.07,20.06,19.36,18.81,18.43,18.46,18.62,18.28,17.57,16.86,15.83,14.36,13.02,11.65,10.74,10.72,11.08,11.84,13.12,14.7,16.54,18.35,19.78,20.73,21.35,21.85,22.45,23.24,24.19,25.22,26.38,27.28,27.93,28.67,28.82,28.52,30.31,32.72,28.98,26.24,26.83,26.47,26.84,28.42,30.69,32.95,35.16,37.05,38.42,39.41,40.08,40.5,40.68,40.35,39.25,37.38,35.34
21.31,21.2,21.22,21.45,21.82,22.28,22.8,23.33,23.88,24.48,24.99,25.42,25.85,26.21,26.5,26.7,26.72,26.52,26.2,25.9,25.49,24.82,23.99,22.78,21.48,20.61,19.64,18.79,18.45,18.14,17.98,17.79,17.06,15.98,15.12,14.41,13.3,12.28,11.76,11.29,10.92,11.01,11.38,11.95,12.74,13.66,14.77,16.05,17.46,18.88,20.24,21.52,22.98,24.32,25.14,27.2,28.62,29.39,30.47,30.98,30.84,30.14,29.0,27.94,27.04,26.67,26.62,26.65,26.81,27.31,27.9,28.32,28.55,28.55,28.44,28.5,28.79,29.1,29.27
25.47,25.55,25.67,25.74,26.03,26.39,26.64,27.11,27.68,28.22,28.73,29.26,29.72,29.96,29.97,29.8,29.52,29.11,28.64,28.17,27.7,27.17,26.35,25.14,23.45,21.45,20.23,19.44,18.59,18.14,17.99,17.95,17.61,16.95,16.39,15.97,15.5,14.97,14.53,14.21,13.97,13.85,13.88,14.03,14.27,14.59,15.1,15.69,16.27,16.91,17.63,18.38,19.35,20.4,21.39,23.03,23.3,23.57,22.66,24.9,26.67,28.55,29.76,30.47,31.21,31.75,31.52,30.94,30.34,29.58,28.8,28.21,27.94,28.08,28.54,29.16,29.89,30.62,31.19
30.86,30.98,31.1,31.11,31.07,31.04,31.01,30.99,31.02,31.13,31.3,31.48,31.65,31.83,32.0,32.02,31.77,31.17,30.14,28.74,27.24,25.72,24.16,22.68,21.25,19.82,18.66,18.03,17.7,17.48,17.51,17.68,17.73,17.56,17.23,16.9,16.65,16.37,16.08,15.84,15.64,15.49,15.39,15.38,15.48,15.77,16.27,16.81,17.38,18.14,19.24,20.29,20.69,19.57,20.23,21.07,22.61,23.58,22.66,19.73,21.42,24.72,28.2,29.68,29.43,29.85,30.75,31.34,31.48,31.34,31.17,30.91,30.59,30.41,30.6,31.0,31.05,30.33,29.03
31.58,31.82,32.04,32.25,32.48,32.74,33.03,33.3,33.49,33.61,33.66,33.64,33.44,32.9,31.9,30.44,28.55,26.33,23.99,21.62,19.42,17.73,16.71,16.07,15.49,15.14,14.98,14.88,15.09,15.63,16.29,16.9,17.43,17.87,18.11,18.15,18.11,18.04,17.98,17.96,17.92,17.85,17.86,18.03,18.37,18.92,19.51,19.98,20.4,21.05,21.53,22.16,22.12,22.81,22.68,21.87,22.03,22.0,21.17,10.53,8.01,14.37,13.85,16.8,19.76,21.1,21.93,22.46,21.88,20.24,18.6,17.53,17.26,17.73,18.06,17.44,16.18,14.94,13.83
30.24,30.09,29.86,29.57,29.24,28.89,28.51,28.03,27.34,26.39,25.17,23.73,22.07,20.14,17.99,15.87,14.1,12.67,11.37,10.35,9.82,9.64,9.69,9.97,10.43,10.96,11.51,12.11,12.84,13.67,14.55,15.42,16.31,17.23,18.12,18.86,19.38,19.74,20.03,20.33,20.65,20.93,21.18,21.46,21.8,22.17,22.52,22.29,22.95,23.65,23.37,22.96,22.8,22.47,19.69,19.65,20.55,20.71,21.79,19.52,7.32,10.66,14.61,16.02,21.08,21.89,18.37,14.27,11.37,9.61,9.06,9.72,10.5,10.13,8.7,7.29,6.26,5.35,4.56
13.29,12.92,12.59,12.24,11.83,11.35,10.77,10.07,9.18,8.07,6.88,5.79,4.96,4.47,4.24,4.09,3.92,3.81,3.87,4.21,4.78,5.51,6.32,6.93,7.83,8.84,9.86,10.73,11.41,12.1,13.04,14.08,15.1,16.09,17.05,18.0,18.95,19.88,20.79,21.65,22.45,23.11,23.62,23.96,24.12,24.22,24.28,24.12,23.56,22.54,22.69,22.19,21.08,19.1,17.94,19.84,19.89,20.08,21.64,17.17,8.25,13.3,13.45,15.08,15.67,12.78,10.56,8.61,7.01,7.15,7.81,6.86,4.55,2.78,2.18,1.8,1.22,0.85,0.84
-3.89,-3.68,-4.17,-4.86,-5.23,-5.41,-5.51,-5.37,-5.0,-4.51,-3.96,-3.36,-2.75,-2.12,-1.48,-0.81,-0.1,0.72,1.8,2.75,3.99,4.57,5.44,6.22,7.19,8.0,8.6,9.02,9.58,10.54,11.64,12.68,13.79,14.83,15.76,16.48,17.52,18.61,19.72,20.81,21.82,22.67,23.17,23.39,23.36,23.48,22.82,22.48,21.2,20.62,19.44,18.53,17.76,17.09,16.96,16.97,17.38,17.51,15.23,8.99,7.82,15.91,17.1,11.28,8.56,5.45,3.44,2.65,2.15,1.65,1.07,0.22,-0.61,-1.06,-1.07,-0.88,-0.75,-0.48,0.05
-14.23,-11.97,-10.74,-10.78,-10.34,-9.7,-8.82,-8.33,-7.71,-6.69,-5.54,-4.39,-3.37,-2.39,-1.45,-0.34,0.88,1.89,2.5,2.82,3.06,3.36,4.02,4.22,4.47,4.45,4.59,5.19,6.32,7.43,8.51,9.43,10.21,10.94,11.85,12.86,13.92,15.23,16.62,17.8,18.45,19.05,19.9,20.38,19.92,19.02,18.24,17.81,17.11,16.11,15.33,14.58,13.55,13.23,12.97,12.26,10.4,7.62,8.28,12.02,13.88,11.18,5.24,4.01,1.87,-0.66,-2.24,-2.21,-1.51,-1.58,-2.28,-2.41,-1.95,-1.82,-1.87,-1.58,-1.2,-0.87,-0.38
-12.0,-11.11,-9.88,-9.13,-8.9,-8.4,-7.38,-6.42,-5.96,-5.49,-4.7,-4.35,-4.14,-3.43,-2.71,-2.39,-2.35,-2.58,-2.84,-3.0,-3.18,-3.39,-3.42,-3.27,-3.03,-2.68,-2.13,-1.47,-0.59,0.5,1.84,3.25,4.54,5.17,5.41,5.63,5.52,5.0,4.67,4.4,4.14,4.25,4.58,4.72,4.9,5.39,5.81,6.2,6.77,7.81,8.28,8.25,7.34,6.67,6.24,6.61,6.95,6.52,4.58,2.62,0.94,-1.25,-3.47,-4.99,-5.55,-5.05,-4.24,-3.92,-4.05,-3.9,-3.13,-2.21,-1.8,-1.89,-1.95,-1.66,-1.16,-0.62,-0.1
-8.19,-8.13,-7.95,-7.74,-7.54,-7.32,-7.23,-7.08,-6.77,-6.31,-6.34,-6.99,-7.43,-7.31,-6.98,-7.22,-8.09,-8.87,-9.19,-8.89,-7.94,-6.62,-5.6,-4.9,-4.36,-3.77,-3.13,-2.57,-2.34,-2.51,-2.74,-3.75,-5.12,-6.52,-7.73,-8.55,-8.88,-8.67,-8.04,-7.23,-6.49,-5.81,-5.05,-4.33,-3.81,-3.36,-2.84,-2.44,-2.35,-2.6,-2.36,-1.76,-1.09,-0.75,-2.48,-2.22,-4.18,-5.86,-7.62,-9.2,-9.98,-10.0,-9.64,-9.23,-8.76,-8.11,-7.32,-6.48,-5.66,-4.85,-4.03,-3.31,-2.82,-2.46,-1.99,-1.34,-0.69,-0.24,0.0
-7.86,-7.77,-7.54,-7.14,-6.64,-6.39,-6.32,-6.67,-7.15,-7.7,-8.27,-8.84,-9.35,-9.86,-9.73,-9.03,-8.05,-7.14,-6.5,-6.24,-6.07,-5.82,-5.39,-4.9,-4.46,-4.65,-5.72,-7.55,-9.58,-11.09,-11.95,-12.33,-12.35,-12.05,-11.51,-11.05,-10.75,-10.71,-10.76,-10.87,-10.72,-10.38,-9.46,-9.36,-9.83,-11.07,-12.25,-11.92,-12.07,-12.26,-12.17,-12.03,-12.27,-12.97,-13.76,-14.13,-13.93,-13.43,-13.03,-12.85,-12.65,-12.1,-11.06,-9.72,-8.38,-7.2,-6.2,-5.34,-4.56,-3.84,-3.22,-2.72,-2.23,-1.64,-0.97,-0.39,0.01,0.34,0.74
-7.22,-7.04,-6.94,-6.92,-6.98,-7.16,-7.44,-7.81,-8.2,-8.59,-9.11,-9.66,-9.87,-9.8,-9.39,-8.95,-8.61,-8.38,-8.25,-8.17,-8.22,-8.71,-9.72,-11.12,-12.51,-13.54,-14.25,-15.05,-15.88,-16.5,-16.9,-17.07,-17.2,-17.05,-15.5,-13.81,-15.99,-20.63,-19.37,-19.95,-21.5,-21.67,-21.19,-20.51,-20.04,-19.86,-19.56,-18.91,-18.0,-17.42,-16.57,-15.46,-14.65,-14.04,-13.6,-13.31,-13.03,-12.56,-11.77,-10.73,-9.57,-8.39,-7.19,-6.01,-4.93,-4.02,-3.28,-2.64,-2.06,-1.52,-1.02,-0.54,-0.09,0.36,0.85,1.54,2.16,2.37,2.4
-7.48,-7.57,-7.66,-7.77,-8.06,-8.52,-8.92,-8.94,-8.61,-8.4,-8.8,-9.69,-10.53,-10.82,-10.64,-10.36,-10.24,-10.15,-10.2,-10.38,-10.7,-11.23,-11.82,-12.5,-13.18,-13.76,-14.14,-14.37,-14.54,-14.97,-15.55,-15.65,-14.9,-13.89,-14.7,-18.05,-21.47,-22.71,-22.2,-20.73,-18.37,-16.44,-16.36,-16.91,-16.83,-16.0,-14.98,-14.24,-13.8,-13.44,-13.03,-12.5,-11.92,-11.4,-10.99,-10.41,-9.74,-9.03,-8.32,-7.62,-6.89,-6.14,-5.38,-4.65,-3.95,-3.25,-2.55,-1.88,-1.24,-0.64,-0.11,0.31,0.64,0.83,0.75,0.44,0.05,-0.32,-0.79
-8.34,-8.59,-8.89,-9.15,-9.29,-9.33,-9.51,-10.03,-10.87,-11.71,-12.25,-12.27,-11.8,-11.0,-10.13,-9.38,-8.91,-8.8,-8.94,-9.12,-9.21,-9.33,-9.78,-10.71,-12.07,-13.49,-14.09,-13.7,-12.64,-11.62,-11.46,-12.42,-14.12,-15.73,-17.3,-17.96,-17.57,-16.77,-16.13,-15.22,-14.44,-13.99,-13.27,-12.29,-11.39,-10.75,-10.65,-10.72,-10.73,-10.47,-9.87,-9.12,-8.42,-7.85,-7.39,-6.96,-6.5,-6.02,-5.55,-5.06,-4.59,-4.14,-3.71,-3.42,-3.19,-3.01,-2.83,-2.6,-2.38,-2.26,-2.32,-2.62,-3.46,-3.78,-3.07,-2.3,-2.43,-2.97,-3.33
-9.82,-9.98,-10.21,-10.47,-10.74,-10.99,-11.17,-11.25,-11.22,-11.06,-10.79,-10.42,-10.11,-10.05,-10.37,-10.94,-11.33,-11.35,-11.32,-11.6,-12.32,-13.49,-13.93,-13.4,-12.2,-11.17,-10.32,-9.85,-10.02,-10.88,-12.12,-13.05,-13.47,-13.64,-13.7,-13.91,-13.94,-13.45,-13.16,-12.81,-12.44,-12.03,-11.46,-10.79,-10.12,-9.57,-9.22,-9.08,-9.11,-9.26,-9.31,-9.13,-8.76,-8.3,-7.85,-7.45,-7.11,-6.84,-6.63,-6.48,-6.36,-6.3,-6.28,-6.26,-6.18,-5.97,-5.65,-5.35,-5.29,-5.62,-6.24,-6.87,-7.08,-6.73,-6.03,-5.37,-5.04,-5.05,-5.25
-9.01,-9.17,-9.61,-10.21,-10.81,-11.22,-11.25,-11.07,-10.84,-10.61,-10.3,-9.86,-9.44,-9.06,-8.86,-8.95,-9.41,-10.41,-11.71,-12.76,-13.06,-12.53,-11.39,-10.18,-9.05,-8.32,-8.27,-9.11,-10.48,-11.79,-12.47,-12.4,-12.06,-11.32,-10.79,-10.94,-11.23,-11.45,-11.61,-11.58,-11.5,-11.02,-10.42,-9.77,-9.13,-8.47,-7.93,-7.67,-7.66,-7.93,-8.39,-8.78,-8.83,-8.51,-8.01,-7.51,-7.08,-6.74,-6.49,-6.32,-6.23,-6.23,-6.33,-6.54,-6.82,-7.13,-7.42,-7.66,-7.82,-7.9,-7.84,-7.63,-7.22,-6.59,-5.82,-5.09,-4.53,-4.2,-4.12
-10.01,-9.31,-8.65,-8.13,-7.85,-7.83,-8.01,-8.32,-8.72,-9.16,-9.61,-10.02,-10.23,-10.15,-9.78,-9.07,-8.11,-7.4,-7.36,-7.88,-8.69,-9.38,-9.72,-9.66,-9.46,-9.28,-9.26,-9.42,-9.66,-9.79,-9.52,-9.0,-8.57,-8.46,-8.62,-8.76,-8.76,-8.75,-8.72,-8.71,-8.72,-8.66,-8.5,-8.17,-7.78,-7.4,-7.07,-6.81,-6.68,-6.65,-6.66,-6.7,-6.72,-6.67,-6.57,-6.44,-6.33,-6.24,-6.16,-6.05,-5.9,-5.77,-5.6,-5.34,-5.02,-4.66,-4.31,-4.36,-4.57,-4.84,-5.13,-5.3,-5.43,-5.46,-5.02,-4.58,-4.62,-4.65,-4.6
-9.51,-9.7,-9.78,-9.63,-9.12,-8.36,-7.46,-6.55,-5.83,-5.5,-5.66,-6.3,-7.23,-8.14,-8.82,-9.1,-8.89,-8.24,-7.36,-6.52,-5.88,-5.51,-5.39,-5.46,-5.58,-5.65,-5.65,-5.57,-5.42,-5.22,-5.04,-5.0,-5.06,-4.95,-4.8,-4.84,-4.89,-4.9,-4.95,-5.0,-5.03,-5.08,-5.14,-5.2,-5.25,-5.28,-5.27,-5.23,-5.11,-4.96,-4.8,-4.65,-4.51,-4.43,-4.43,-4.5,-4.55,-4.44,-4.22,-4.06,-3.94,-3.8,-3.65,-3.5,-3.34,-3.28,-3.58,-3.9,-3.74,-3.46,-3.17,-2.83,-2.47,-2.1,-1.72,-1.33,-0.93,-0.53,-0.14
