dist/data/20160925_500.json
{"header": { "discipline":0, "disciplineName":"Meteorological products", "gribEdition":2, "gribLength":74455, "center":7, "centerName":"US National Weather Service - NCEP(WMC)", "subcenter":0, "refTime":"2016-09-25T00:00:00.000Z", "significanceOfRT":1, "significanceOfRTName":"Start of forecast", "productStatus":0, "productStatusName":"Operational products", "productType":1, "productTypeName":"Forecast products", "productDefinitionTemplate":0, "productDefinitionTemplateName":"Analysis/forecast at horizontal level/layer at a point in time", "parameterCategory":2, "parameterCategoryName":"Momentum", "parameterNumber":3, "parameterNumberName":"V-component_of_wind", "parameterUnit":"m.s-1", "genProcessType":2, "genProcessTypeName":"Forecast", "forecastTime":0, "surface1Type":100, "surface1TypeName":"Isobaric surface", "surface1Value":50000.0, "surface2Type":255, "surface2TypeName":"Missing", "surface2Value":0.0, "gridDefinitionTemplate":0, "gridDefinitionTemplateName":"Latitude_Longitude", "numberPoints":65160, "shape":6, "shapeName":"Earth spherical with radius of 6,371,229.0 m", "gridUnits":"degrees", "resolution":48, "winds":"true", "scanMode":0, "nx":360, "ny":181, "basicAngle":0, "subDivisions":0, "lo1":0.0, "la1":90.0, "lo2":359.0, "la2":-90.0, "dx":1.0, "dy":1.0 }, "data":
[rows 144 to 179 of 181, columns 240 to 319 of 360]
7.37,10.23,13.23,16.17,18.65,19.93,20.77,21.51,22.32,22.06,19.82,16.2,13.29,12.16,12.42,13.49,13.64,10.77,7.73,4.26,0.9,0.59,2.0,-3.87,-14.54,-25.76,-30.43,-29.33,-24.85,-20.81,-19.26,-20.12,-20.37,-18.38,-17.42,-18.15,-18.48,-17.83,-16.32,-14.79,-13.7,-12.88,-12.04,-11.14,-10.29,-9.47,-8.63,-7.89,-7.33,-5.6,-4.76,-3.61,-2.77,-1.46,-0.29,-0.02,0.39,0.72,0.45,-0.41,-1.66,-2.69,-3.14,-2.83,-2.09,-1.29,-0.18,1.05,2.23,3.35,4.36,5.21,5.84,6.23,6.3,5.97,5.26,4.37,3.55,2.83
4.38,6.62,9.3,12.12,14.99,16.9,17.8,18.78,20.03,21.41,22.01,20.94,17.72,14.23,12.31,12.05,12.21,10.43,7.61,4.89,2.0,-1.2,0.08,1.46,-7.18,-18.15,-28.15,-31.07,-28.28,-23.41,-19.76,-18.28,-19.45,-19.88,-19.11,-17.97,-18.02,-18.31,-17.75,-16.85,-15.91,-14.93,-13.9,-12.78,-11.61,-10.49,-9.37,-8.33,-7.32,-6.44,-5.23,-4.05,-3.62,-3.3,-2.56,-2.06,-1.9,-1.57,-1.6,-1.85,-2.29,-2.86,-3.2,-3.07,-2.61,-2.01,-1.28,-0.28,1.12,2.8,4.58,6.27,7.62,8.42,8.62,8.31,7.68,6.87,5.89,4.78
1.91,3.39,5.72,8.31,11.18,13.69,15.04,15.9,17.18,18.92,20.65,21.67,21.09,18.27,14.42,11.59,10.76,9.96,8.37,5.39,4.49,-0.33,-2.47,-0.35,-1.14,-11.22,-19.74,-29.11,-31.37,-26.81,-22.28,-18.85,-16.79,-18.15,-19.06,-19.21,-18.93,-18.17,-17.95,-17.9,-17.25,-16.08,-14.73,-13.34,-11.89,-10.61,-9.52,-8.48,-7.61,-6.86,-6.42,-5.95,-5.59,-6.16,-5.5,-4.63,-4.16,-3.53,-2.97,-2.66,-2.56,-2.6,-2.69,-2.66,-2.42,-2.01,-1.42,-0.46,0.96,2.79,4.86,6.86,8.53,9.65,10.02,9.67,8.83,7.78,6.88,6.34
-0.12,0.68,2.53,5.11,7.79,10.36,12.41,13.46,14.49,15.93,17.77,19.43,20.48,20.12,17.71,13.55,10.18,8.63,7.5,5.78,0.81,0.65,-1.19,-2.95,-4.16,-3.91,-14.8,-21.07,-28.58,-31.6,-26.56,-22.79,-19.48,-16.34,-16.35,-17.79,-18.07,-18.11,-18.17,-17.66,-16.84,-15.97,-15.05,-13.97,-12.85,-11.7,-10.49,-9.43,-8.6,-8.12,-7.7,-7.63,-7.64,-7.58,-8.18,-7.61,-6.32,-5.24,-4.27,-3.39,-2.65,-2.2,-2.0,-1.9,-1.76,-1.42,-0.76,0.21,1.43,2.88,4.54,6.28,7.9,9.13,9.83,9.9,9.28,8.26,7.37,7.06
-1.84,-1.23,0.2,2.6,5.32,7.77,9.88,11.08,12.06,13.15,14.6,16.31,17.77,18.63,18.44,16.35,12.04,8.35,5.69,4.39,2.31,-0.15,-1.79,-1.43,-0.11,-1.19,-3.64,-15.02,-21.64,-26.24,-29.44,-26.43,-23.99,-20.62,-17.34,-15.64,-16.43,-17.48,-17.45,-16.97,-16.61,-16.22,-15.58,-14.82,-13.97,-13.02,-12.14,-11.34,-10.53,-9.72,-9.16,-8.85,-8.7,-8.52,-8.0,-7.94,-7.76,-6.79,-5.43,-3.98,-2.73,-1.75,-0.98,-0.37,0.12,0.58,1.09,1.71,2.52,3.53,4.73,5.99,7.13,7.92,8.35,8.45,8.12,7.56,7.18,7.1
-3.25,-2.65,-1.21,0.97,3.44,5.86,7.84,8.92,9.53,10.4,11.64,13.09,14.69,16.07,16.79,16.69,14.72,10.58,6.65,4.28,2.09,0.59,-0.66,-2.53,-3.55,-3.03,-1.87,-1.63,-9.53,-20.33,-24.18,-26.17,-25.26,-24.61,-22.85,-19.35,-16.36,-14.69,-14.86,-15.94,-16.45,-16.29,-15.84,-15.34,-14.77,-14.04,-13.18,-12.27,-11.4,-10.58,-9.88,-9.37,-9.1,-8.85,-8.48,-7.95,-7.1,-6.06,-4.91,-3.66,-2.42,-1.33,-0.45,0.18,0.64,0.98,1.32,1.82,2.61,3.68,4.87,5.96,6.66,6.92,6.85,6.6,6.34,6.19,6.13,6.42
-4.35,-3.76,-2.43,-0.39,2.0,4.25,5.87,6.79,7.29,7.83,8.72,10.16,11.7,13.23,14.52,15.17,14.97,13.13,9.23,5.17,2.8,0.87,-1.43,-2.83,-3.4,-3.78,-3.86,-4.15,-4.03,-4.59,-11.22,-19.91,-25.06,-26.65,-26.37,-25.15,-22.78,-19.84,-17.47,-15.51,-13.92,-13.33,-13.5,-13.84,-14.11,-14.16,-13.9,-13.37,-12.78,-12.21,-11.7,-11.14,-10.47,-9.72,-8.98,-8.18,-7.25,-6.22,-5.07,-3.83,-2.59,-1.45,-0.46,0.35,1.16,1.88,2.31,2.71,3.27,3.89,4.35,4.57,4.61,4.61,4.54,4.78,4.85,5.18,5.67,6.22
-4.47,-3.88,-2.78,-1.21,0.61,2.25,3.52,4.32,4.83,5.3,5.95,7.12,8.79,10.51,11.99,13.25,13.9,13.45,11.6,8.02,3.91,1.29,0.4,-0.52,-2.43,-4.4,-5.65,-6.08,-6.07,-6.36,-6.32,-7.35,-10.69,-15.59,-20.16,-24.67,-26.87,-26.02,-23.52,-20.88,-18.25,-16.39,-14.95,-13.29,-12.04,-11.1,-10.43,-10.24,-10.54,-11.01,-11.33,-11.31,-10.91,-10.16,-9.22,-8.19,-7.07,-5.84,-4.59,-3.34,-2.22,-1.32,-0.79,-0.05,0.69,0.83,0.93,1.26,1.79,2.38,2.54,2.5,2.51,2.64,3.05,3.32,3.7,4.31,4.95,5.93
-4.54,-4.0,-3.25,-2.22,-1.11,-0.07,0.83,1.56,2.08,2.59,3.37,4.5,5.95,7.76,9.57,11.1,12.35,12.85,12.18,10.01,6.39,2.3,-0.56,-1.47,-1.55,-1.75,-2.35,-3.5,-5.19,-7.38,-9.36,-10.11,-9.02,-8.58,-9.71,-11.32,-13.71,-18.0,-22.97,-25.73,-25.63,-23.89,-20.82,-17.26,-14.95,-13.41,-11.72,-10.2,-9.17,-8.44,-7.87,-7.48,-7.21,-6.98,-6.62,-6.1,-5.56,-5.03,-4.4,-3.96,-3.49,-2.94,-1.67,-0.94,-1.14,-1.27,-1.21,-0.66,-0.16,-0.21,-0.53,-0.57,-0.3,0.26,1.13,2.33,3.78,5.25,6.63,7.67
-6.12,-5.74,-5.09,-4.28,-3.54,-2.73,-1.95,-1.2,-0.53,0.03,0.86,2.18,3.78,5.56,7.37,9.08,10.52,11.51,11.81,10.84,8.29,4.44,0.35,-2.52,-3.48,-3.27,-3.01,-3.16,-3.52,-4.11,-5.18,-7.08,-9.87,-12.27,-12.7,-11.28,-10.3,-10.46,-11.32,-12.98,-15.22,-17.46,-19.16,-20.26,-20.71,-19.85,-17.53,-15.0,-13.13,-11.61,-10.28,-9.15,-8.16,-7.38,-6.67,-5.55,-4.18,-3.3,-2.68,-3.01,-2.22,-1.31,-2.2,-3.58,-4.08,-2.38,-0.88,-1.34,-2.66,-3.74,-3.89,-3.44,-2.53,-0.79,1.65,4.22,6.47,8.36,10.02,11.4
-5.44,-5.55,-5.53,-5.25,-4.77,-4.17,-3.51,-2.95,-2.41,-1.83,-0.91,0.49,2.17,4.08,6.0,7.62,8.91,9.86,10.4,10.37,9.12,6.17,2.02,-2.02,-4.8,-5.68,-5.26,-4.53,-3.77,-3.19,-3.61,-4.95,-6.6,-8.58,-10.69,-12.45,-13.35,-12.93,-11.63,-10.64,-10.47,-10.84,-11.68,-12.44,-12.81,-12.77,-12.71,-12.79,-12.72,-12.31,-11.57,-10.78,-10.26,-10.15,-10.37,-10.57,-11.56,-12.84,-13.24,-12.95,-12.23,-8.7,-1.23,-0.91,-0.78,-1.62,-2.81,-3.85,-4.56,-4.09,-2.95,-1.8,-0.4,1.38,3.47,6.03,9.33,13.3,17.24,19.51
-4.81,-4.92,-4.88,-4.77,-4.6,-4.35,-4.07,-3.71,-3.28,-2.81,-1.98,-0.58,1.25,3.24,5.07,6.52,7.64,8.6,9.13,9.23,8.73,6.93,3.51,-0.9,-4.83,-7.21,-7.8,-7.1,-5.89,-4.74,-3.82,-3.59,-4.38,-5.96,-7.98,-9.95,-11.55,-12.72,-13.15,-12.55,-11.4,-10.54,-10.2,-10.05,-9.76,-9.27,-8.67,-8.05,-7.38,-6.66,-6.0,-5.4,-4.87,-4.46,-4.54,-3.89,-3.05,-5.0,-6.76,-6.29,-7.07,-7.71,-6.62,-6.17,-6.84,-7.25,-7.12,-6.51,-5.05,-3.38,-2.0,-0.78,0.89,3.27,6.03,8.94,12.04,14.53,14.92,14.1
-4.39,-4.57,-4.78,-4.91,-4.87,-4.72,-4.48,-4.14,-3.73,-3.13,-2.06,-0.53,1.25,3.17,4.96,6.26,6.84,7.19,7.57,7.65,7.27,6.08,3.53,-0.35,-4.67,-8.09,-9.71,-9.75,-9.0,-7.82,-6.47,-5.32,-4.82,-5.18,-5.96,-6.89,-7.99,-8.95,-9.73,-10.53,-11.06,-11.06,-10.61,-9.93,-9.15,-8.4,-7.67,-6.92,-6.2,-5.64,-5.2,-4.84,-4.82,-4.65,-4.88,-6.09,-6.54,-0.34,0.6,0.08,-0.02,-1.09,-2.71,-3.98,-4.62,-4.6,-4.05,-3.23,-2.29,-1.21,-0.02,1.31,2.89,4.53,5.5,5.42,5.06,5.42,6.6,8.07
-3.91,-4.22,-4.41,-4.52,-4.55,-4.46,-4.18,-3.69,-3.05,-2.22,-1.22,-0.08,1.3,2.76,4.02,5.01,5.76,6.2,6.07,5.46,4.66,3.44,1.54,-1.35,-5.12,-8.74,-11.16,-11.94,-11.61,-10.76,-9.76,-8.74,-7.74,-6.97,-6.68,-6.67,-6.67,-6.75,-6.82,-6.81,-6.78,-6.7,-6.51,-6.27,-6.0,-5.56,-4.92,-4.22,-3.59,-3.03,-2.69,-2.62,-2.56,-3.56,-4.2,-4.29,-4.59,-4.17,-3.8,-3.43,-3.15,-3.02,-2.95,-3.0,-3.18,-3.25,-3.12,-2.86,-2.52,-2.22,-1.96,-1.72,-1.49,-1.12,-0.4,0.64,1.81,3.1,4.45,5.59
-2.9,-2.95,-3.01,-3.03,-3.06,-3.04,-2.79,-2.31,-1.67,-0.86,0.08,1.09,2.1,3.1,4.01,4.6,4.64,4.07,3.16,2.19,1.15,-0.12,-2.08,-4.48,-7.11,-10.02,-12.42,-13.54,-13.56,-13.05,-12.26,-11.39,-10.52,-9.67,-8.88,-8.25,-7.85,-7.59,-7.31,-6.94,-6.49,-5.97,-5.39,-4.71,-3.9,-3.03,-2.26,-1.59,-0.99,-0.52,-0.13,-0.04,-0.29,0.31,0.27,-0.91,-2.04,-2.73,-3.35,-3.65,-3.9,-4.37,-4.49,-4.29,-4.08,-3.68,-2.93,-2.03,-1.26,-0.66,-0.16,0.32,0.84,1.45,2.08,2.63,3.0,3.15,3.11,2.93
-3.59,-3.68,-3.65,-3.56,-3.41,-3.16,-2.82,-2.33,-1.64,-0.74,0.35,1.56,2.79,3.78,4.19,3.82,2.63,0.93,-0.85,-2.47,-3.84,-5.03,-6.32,-8.01,-9.81,-11.44,-12.98,-14.21,-14.68,-14.64,-14.07,-13.33,-12.46,-11.55,-10.73,-9.94,-9.22,-8.54,-7.76,-6.88,-5.97,-5.09,-4.26,-3.47,-2.59,-1.61,-0.68,0.02,1.21,1.89,3.32,3.31,2.82,3.13,2.81,2.23,2.51,0.87,-2.23,-2.93,-1.59,-0.47,-0.69,-1.75,-2.59,-2.64,-2.23,-1.71,-1.05,-0.21,0.82,1.9,2.77,3.41,3.8,3.69,2.88,1.49,0.02,-1.08
-3.07,-3.14,-3.16,-3.08,-2.86,-2.48,-1.96,-1.34,-0.62,0.19,0.94,1.44,1.46,0.94,-0.13,-1.56,-3.07,-4.55,-5.98,-7.2,-8.06,-8.71,-9.36,-10.04,-10.9,-11.95,-12.96,-13.78,-14.35,-14.58,-14.42,-13.92,-13.16,-12.24,-11.31,-10.46,-9.68,-8.79,-7.72,-6.61,-5.54,-4.51,-3.44,-2.33,-1.14,-0.07,1.04,1.94,2.71,2.9,3.66,4.49,3.88,5.08,6.03,6.67,1.73,-2.03,1.7,0.74,-0.81,-0.8,-0.34,-0.55,-1.26,-1.26,-0.49,0.09,0.1,-0.17,-0.23,0.24,1.08,1.55,1.2,0.26,-0.79,-1.74,-2.64,-3.32
-3.65,-3.83,-3.97,-4.04,-3.95,-3.7,-3.36,-3.09,-3.0,-3.15,-3.56,-4.26,-5.19,-6.14,-6.85,-7.36,-7.87,-8.31,-8.61,-8.86,-9.12,-9.4,-9.69,-9.98,-10.39,-10.96,-11.62,-12.21,-12.63,-12.85,-12.9,-12.74,-12.28,-11.54,-10.66,-9.74,-8.76,-7.67,-6.54,-5.44,-4.37,-3.32,-2.35,-1.37,-0.74,-0.03,0.86,1.87,2.36,2.23,2.97,2.06,0.95,0.43,0.96,2.77,4.29,3.41,0.64,-1.36,-0.69,-0.51,-0.63,-0.98,-1.54,-1.23,-0.77,-1.27,-2.06,-1.89,-0.77,0.0,-0.36,-1.29,-2.07,-2.65,-3.19,-3.7,-4.15,-4.44
-5.02,-5.25,-5.51,-5.83,-6.25,-6.73,-7.25,-7.83,-8.41,-8.88,-9.14,-9.15,-9.02,-8.84,-8.7,-8.63,-8.54,-8.48,-8.24,-8.11,-8.18,-8.25,-8.37,-8.59,-8.87,-9.08,-9.34,-9.72,-10.11,-10.37,-10.46,-10.41,-10.27,-10.03,-9.67,-9.15,-8.44,-7.54,-6.5,-5.47,-4.53,-3.69,-2.88,-2.09,-1.37,-0.82,-0.95,-0.96,-0.83,-0.43,-0.52,-2.21,-3.15,-2.0,-1.96,-0.26,2.28,0.07,0.07,0.86,-0.59,0.07,1.58,1.05,-1.41,-3.99,-5.18,-4.76,-3.61,-3.23,-3.57,-3.86,-4.2,-4.55,-4.71,-4.73,-4.67,-4.48,-4.17,-3.75
-6.96,-7.39,-7.85,-8.24,-8.53,-8.81,-9.04,-9.11,-9.02,-8.84,-8.63,-8.38,-8.11,-7.83,-7.53,-7.21,-7.08,-6.75,-6.63,-6.46,-6.36,-6.24,-6.19,-6.14,-6.17,-6.51,-6.96,-7.38,-7.68,-7.72,-7.94,-8.02,-7.92,-7.51,-7.32,-7.08,-6.78,-6.35,-5.67,-4.78,-3.97,-3.34,-3.12,-2.95,-2.79,-3.17,-3.47,-4.14,-4.53,-4.65,-4.68,-4.64,-4.67,-4.36,-3.32,-1.38,-2.08,-7.38,-8.44,-5.22,-2.75,-1.53,-1.04,-3.4,-6.87,-8.21,-7.64,-7.14,-7.09,-6.89,-6.45,-6.07,-5.85,-5.66,-5.29,-4.68,-3.91,-3.19,-2.7,-2.45
-6.69,-6.99,-7.17,-7.33,-7.73,-7.78,-7.5,-7.24,-6.78,-6.35,-5.92,-5.54,-5.37,-5.31,-5.12,-4.78,-4.54,-4.58,-4.77,-4.81,-4.75,-4.71,-4.8,-5.14,-5.61,-5.88,-6.11,-5.94,-5.49,-5.08,-4.64,-4.2,-3.89,-3.65,-3.16,-2.56,-2.3,-2.32,-2.48,-2.47,-2.43,-2.86,-3.73,-4.92,-6.15,-7.13,-7.81,-8.02,-7.68,-7.28,-6.56,-6.02,-5.46,-5.24,-5.92,-8.95,-10.82,-8.74,-4.77,-3.79,-5.19,-6.84,-9.03,-11.23,-12.09,-11.75,-11.15,-10.52,-9.8,-9.24,-8.81,-8.11,-7.05,-5.98,-5.07,-4.2,-3.44,-2.89,-2.49,-2.06
-5.09,-5.34,-5.25,-5.02,-4.85,-4.74,-4.6,-4.02,-3.65,-3.69,-3.71,-3.52,-3.44,-3.6,-3.97,-4.43,-4.86,-5.08,-4.97,-4.66,-4.48,-4.39,-4.1,-3.37,-2.6,-1.77,-0.89,0.17,1.12,1.99,2.09,1.39,0.71,0.01,-0.79,-1.28,-1.53,-1.59,-1.55,-1.49,-1.86,-3.09,-4.02,-5.32,-6.74,-8.23,-9.49,-10.56,-10.84,-11.56,-12.35,-13.15,-13.37,-12.83,-10.42,-7.86,-7.0,-7.89,-9.39,-11.03,-12.38,-13.3,-13.4,-13.21,-13.21,-13.14,-12.53,-11.43,-10.3,-9.5,-8.89,-8.15,-7.14,-6.06,-5.09,-4.19,-3.36,-2.58,-1.82,-1.08
-4.17,-4.22,-4.28,-4.18,-3.84,-3.49,-3.2,-3.34,-3.92,-3.82,-3.88,-4.58,-5.68,-6.53,-6.68,-6.13,-4.98,-3.49,-2.2,-1.38,-0.65,0.16,0.98,1.3,1.98,1.97,1.7,1.14,-0.83,-2.71,-3.24,-2.37,-0.87,0.45,1.39,1.76,1.65,1.09,0.27,-0.76,-2.09,-3.44,-4.62,-5.63,-6.63,-7.69,-8.39,-8.71,-8.52,-8.11,-7.78,-6.95,-7.32,-8.7,-10.46,-11.96,-13.28,-13.83,-13.54,-12.97,-12.68,-12.78,-12.92,-12.86,-12.5,-11.85,-11.07,-10.3,-9.67,-9.02,-8.16,-7.15,-6.28,-5.64,-5.02,-4.25,-3.39,-2.63,-2.07,-1.61
-3.52,-3.31,-3.2,-3.22,-3.32,-3.67,-4.37,-5.2,-5.99,-6.61,-6.61,-6.15,-5.36,-4.23,-3.23,-2.44,-1.66,-0.92,-0.19,0.56,0.83,0.42,-0.79,-2.54,-4.15,-5.04,-4.82,-3.74,-2.25,-0.98,-0.33,-0.25,-0.31,-0.35,-0.47,-0.61,-0.71,-0.63,-0.64,-1.1,-1.85,-2.71,-3.35,-3.72,-4.14,-4.75,-5.52,-6.39,-7.45,-8.78,-10.22,-11.54,-12.48,-12.81,-12.56,-12.12,-11.9,-11.99,-12.13,-12.04,-11.66,-11.17,-10.68,-10.2,-9.7,-9.26,-8.92,-8.63,-8.28,-7.82,-7.22,-6.54,-5.8,-5.03,-4.27,-3.53,-2.81,-2.13,-1.58,-1.29
-3.37,-3.75,-4.25,-4.87,-5.61,-6.37,-6.89,-6.85,-6.04,-4.95,-3.87,-3.53,-3.84,-4.7,-5.69,-6.59,-7.1,-7.43,-7.76,-7.38,-6.8,-6.11,-5.17,-4.52,-4.26,-4.06,-3.6,-3.07,-2.54,-2.1,-1.79,-1.95,-3.63,-5.47,-4.36,-5.52,-5.72,-5.63,-5.58,-5.76,-5.47,-5.17,-5.08,-5.12,-5.08,-4.96,-5.8,-6.68,-7.24,-8.08,-8.8,-9.15,-9.2,-9.16,-9.14,-9.14,-9.13,-9.13,-9.16,-9.23,-9.28,-9.24,-9.05,-8.72,-8.27,-7.73,-7.13,-6.54,-6.04,-5.67,-5.39,-5.08,-4.57,-4.01,-3.59,-3.29,-3.08,-3.07,-3.2,-3.34
-4.7,-5.37,-6.05,-6.52,-6.71,-6.7,-6.76,-7.14,-7.85,-8.79,-9.59,-9.87,-9.32,-8.49,-7.93,-7.67,-7.64,-7.68,-7.63,-7.52,-7.25,-6.88,-6.52,-6.34,-6.48,-6.57,-6.55,-6.48,-6.62,-7.67,-9.58,-11.18,-11.18,-9.76,-8.36,-8.25,-8.03,-5.73,-4.08,-4.04,-4.19,-3.9,-3.44,-3.19,-3.36,-3.91,-4.58,-5.16,-5.57,-5.79,-5.81,-5.94,-6.04,-5.92,-5.82,-5.75,-5.69,-5.62,-5.56,-5.53,-5.55,-5.59,-5.58,-5.47,-5.25,-4.97,-4.73,-4.58,-4.53,-4.48,-4.42,-4.39,-4.46,-4.71,-5.03,-5.41,-5.7,-5.9,-6.25,-6.53
-6.47,-6.83,-7.27,-7.95,-8.98,-10.22,-11.41,-12.23,-12.46,-11.81,-10.46,-9.0,-7.95,-7.45,-7.26,-7.14,-7.19,-7.57,-8.22,-8.87,-9.33,-9.53,-9.35,-8.97,-8.88,-9.35,-10.49,-11.8,-12.59,-12.48,-12.2,-11.41,-10.35,-9.58,-8.88,-8.67,-8.0,-6.9,-5.99,-5.44,-5.1,-5.11,-5.21,-5.76,-6.01,-6.0,-5.92,-5.82,-5.68,-5.5,-5.33,-5.17,-4.99,-4.79,-4.57,-4.37,-4.21,-4.09,-4.01,-3.93,-3.8,-3.63,-3.42,-3.22,-3.14,-3.32,-3.84,-4.59,-5.4,-5.93,-5.77,-5.7,-6.41,-7.31,-7.57,-7.32,-6.81,-6.34,-5.79,-5.37
-8.38,-8.93,-9.56,-10.27,-10.96,-11.5,-11.82,-11.65,-11.02,-10.07,-9.1,-8.34,-7.97,-8.08,-8.69,-9.64,-10.51,-11.01,-11.22,-11.3,-11.26,-11.25,-11.26,-11.55,-12.05,-12.59,-12.9,-12.98,-12.33,-11.36,-10.42,-9.64,-8.95,-8.34,-7.89,-7.31,-6.65,-6.11,-5.81,-5.67,-5.54,-5.41,-5.31,-5.41,-5.54,-5.64,-5.59,-5.34,-4.94,-4.48,-4.08,-3.79,-3.65,-3.61,-3.63,-3.64,-3.61,-3.52,-3.38,-3.22,-3.06,-2.91,-2.88,-3.07,-3.58,-4.39,-5.3,-6.09,-6.53,-6.65,-6.6,-6.72,-7.15,-7.8,-8.4,-8.7,-8.62,-8.22,-7.66,-7.09
-11.6,-12.4,-12.83,-12.93,-12.8,-12.5,-11.99,-11.24,-10.27,-9.23,-8.43,-8.18,-8.58,-9.65,-11.09,-12.3,-12.87,-12.79,-12.37,-11.84,-11.17,-10.75,-10.76,-11.31,-12.2,-12.87,-13.02,-12.65,-11.98,-11.33,-10.73,-10.22,-9.92,-9.6,-9.23,-8.79,-8.33,-7.86,-7.43,-7.03,-6.68,-6.43,-6.28,-6.23,-6.18,-6.16,-6.14,-6.04,-5.78,-5.38,-4.95,-4.58,-4.25,-3.98,-3.76,-3.61,-3.53,-3.53,-3.61,-3.8,-4.09,-4.47,-4.92,-5.37,-5.78,-6.11,-6.34,-6.45,-6.41,-6.24,-6.05,-5.92,-5.91,-6.03,-6.25,-6.55,-6.85,-7.06,-7.25,-7.35
-10.28,-11.17,-12.09,-12.9,-13.5,-13.86,-13.92,-13.67,-13.13,-12.36,-11.58,-10.91,-10.42,-10.22,-10.42,-11.02,-11.74,-12.34,-12.65,-12.67,-12.77,-12.91,-13.28,-13.89,-14.59,-15.08,-15.09,-14.46,-13.52,-12.75,-12.37,-12.23,-12.01,-11.58,-11.02,-10.38,-9.74,-9.12,-8.51,-7.87,-7.19,-6.53,-5.94,-5.41,-4.96,-4.6,-4.33,-4.15,-4.02,-3.93,-3.81,-3.65,-3.46,-3.27,-3.1,-2.98,-2.89,-2.81,-2.74,-2.73,-2.81,-2.98,-3.34,-4.16,-5.42,-6.4,-7.21,-7.97,-8.39,-8.45,-8.23,-8.35,-8.4,-8.34,-8.17,-7.96,-7.73,-7.47,-7.13,-6.52
-11.76,-11.79,-11.85,-12.04,-12.42,-13.01,-13.76,-14.53,-15.14,-15.44,-15.38,-15.03,-14.46,-13.79,-13.18,-12.77,-12.61,-12.67,-12.99,-13.57,-14.37,-15.3,-16.19,-16.87,-17.23,-17.18,-16.67,-15.86,-15.15,-14.56,-13.92,-13.51,-13.25,-12.92,-12.39,-11.82,-11.22,-10.6,-10.0,-9.41,-8.83,-8.24,-7.66,-7.06,-6.46,-5.88,-5.35,-4.89,-4.51,-4.21,-3.98,-3.82,-3.71,-3.61,-3.41,-3.33,-3.31,-3.37,-3.49,-3.69,-3.93,-4.16,-4.37,-4.53,-4.48,-4.56,-4.82,-5.06,-5.31,-5.54,-5.75,-5.95,-6.1,-6.22,-6.29,-6.35,-6.41,-6.42,-6.32,-6.13
-11.67,-12.09,-12.56,-13.11,-13.78,-14.55,-15.4,-16.18,-16.73,-16.99,-17.02,-16.81,-16.3,-15.65,-15.1,-14.75,-14.62,-14.66,-14.79,-15.0,-15.32,-15.7,-16.02,-16.33,-16.68,-17.01,-17.29,-17.33,-17.05,-16.59,-15.89,-15.13,-14.52,-14.0,-13.59,-13.11,-12.63,-12.13,-11.59,-11.03,-10.45,-9.86,-9.28,-8.72,-8.18,-7.66,-7.16,-6.67,-6.2,-5.75,-5.34,-4.98,-4.66,-4.4,-4.22,-4.09,-3.97,-3.91,-3.9,-3.9,-3.86,-3.8,-3.72,-3.67,-3.68,-3.76,-3.9,-4.08,-4.28,-4.49,-4.67,-4.83,-4.95,-5.03,-5.06,-5.05,-5.01,-4.92,-4.83,-4.72
-13.46,-13.99,-14.4,-14.73,-15.03,-15.34,-15.69,-16.09,-16.5,-16.87,-17.2,-17.49,-17.72,-17.89,-18.01,-18.08,-18.09,-18.08,-18.09,-18.09,-18.02,-17.9,-17.75,-17.53,-17.32,-17.12,-16.94,-16.75,-16.53,-16.29,-16.02,-15.74,-15.45,-15.11,-14.71,-14.24,-13.72,-13.19,-12.68,-12.2,-11.75,-11.31,-10.88,-10.43,-9.95,-9.45,-8.93,-8.41,-7.89,-7.38,-6.91,-6.48,-6.11,-5.8,-5.53,-5.34,-5.21,-5.12,-5.03,-4.93,-4.81,-4.7,-4.59,-4.49,-4.41,-4.34,-4.27,-4.22,-4.18,-4.14,-4.12,-4.1,-4.1,-4.1,-4.11,-4.14,-4.16,-4.19,-4.22,-4.26
-13.71,-13.96,-14.2,-14.44,-14.68,-14.92,-15.17,-15.41,-15.67,-15.92,-16.18,-16.45,-16.72,-16.99,-17.27,-17.52,-17.76,-17.98,-18.18,-18.34,-18.44,-18.5,-18.5,-18.47,-18.41,-18.32,-18.2,-18.06,-17.88,-17.67,-17.42,-17.13,-16.79,-16.41,-16.0,-15.58,-15.15,-14.71,-14.28,-13.83,-13.39,-12.94,-12.49,-12.05,-11.6,-11.16,-10.73,-10.3,-9.89,-9.5,-9.12,-8.77,-8.43,-8.11,-7.81,-7.53,-7.27,-7.03,-6.81,-6.61,-6.42,-6.25,-6.1,-5.96,-5.82,-5.7,-5.59,-5.48,-5.38,-5.29,-5.19,-5.1,-5.01,-4.91,-4.82,-4.73,-4.65,-4.57,-4.51,-4.45
-13.37,-13.66,-13.95,-14.23,-14.51,-14.78,-15.05,-15.31,-15.56,-15.81,-16.04,-16.26,-16.47,-16.65,-16.8,-16.92,-17.02,-17.09,-17.14,-17.17,-17.18,-17.17,-17.15,-17.1,-17.04,-16.95,-16.85,-16.72,-16.59,-16.43,-16.27,-16.1,-15.92,-15.74,-15.55,-15.35,-15.15,-14.94,-14.73,-14.53,-14.31,-14.1,-13.89,-13.67,-13.45,-13.23,-13.01,-12.78,-12.55,-12.32,-12.08,-11.84,-11.6,-11.36,-11.11,-10.87,-10.62,-10.38,-10.14,-9.91,-9.69,-9.48,-9.27,-9.07,-8.89,-8.71,-8.55,-8.39,-8.24,-8.09,-7.95,-7.81,-7.68,-7.55,-7.42,-7.29,-7.16,-7.03,-6.91,-6.78
-12.93,-13.12,-13.29,-13.46,-13.62,-13.77,-13.92,-14.05,-14.18,-14.3,-14.41,-14.52,-14.62,-14.71,-14.79,-14.86,-14.93,-15.0,-15.05,-15.09,-15.13,-15.17,-15.2,-15.22,-15.24,-15.25,-15.25,-15.25,-15.25,-15.23,-15.22,-15.19,-15.16,-15.12,-15.08,-15.03,-14.98,-14.92,-14.86,-14.79,-14.72,-14.65,-14.57,-14.49,-14.4,-14.32,-14.23,-14.13,-14.04,-13.94,-13.84,-13.74,-13.64,-13.54,-13.43,-13.33,-13.22,-13.11,-13.0,-12.89,-12.78,-12.67,-12.56,-12.45,-12.33,-12.22,-12.1,-11.99,-11.87,-11.76,-11.64,-11.52,-11.41,-11.29,-11.17,-11.04,-10.92,-10.8,-10.67,-10.55
