dist/data/20160925_500.json
{"header": { "discipline":0, "disciplineName":"Meteorological products", "gribEdition":2, "gribLength":74455, "center":7, "centerName":"US National Weather Service - NCEP(WMC)", "subcenter":0, "refTime":"2016-09-25T00:00:00.000Z", "significanceOfRT":1, "significanceOfRTName":"Start of forecast", "productStatus":0, "productStatusName":"Operational products", "productType":1, "productTypeName":"Forecast products", "productDefinitionTemplate":0, "productDefinitionTemplateName":"Analysis/forecast at horizontal level/layer at a point in time", "parameterCategory":2, "parameterCategoryName":"Momentum", "parameterNumber":3, "parameterNumberName":"V-component_of_wind", "parameterUnit":"m.s-1", "genProcessType":2, "genProcessTypeName":"Forecast", "forecastTime":0, "surface1Type":100, "surface1TypeName":"Isobaric surface", "surface1Value":50000.0, "surface2Type":255, "surface2TypeName":"Missing", "surface2Value":0.0, "gridDefinitionTemplate":0, "gridDefinitionTemplateName":"Latitude_Longitude", "numberPoints":65160, "shape":6, "shapeName":"Earth spherical with radius of 6,371,229.0 m", "gridUnits":"degrees", "resolution":48, "winds":"true", "scanMode":0, "nx":360, "ny":181, "basicAngle":0, "subDivisions":0, "lo1":0.0, "la1":90.0, "lo2":359.0, "la2":-90.0, "dx":1.0, "dy":1.0 }, "data":
[rows 36 to 71 of 181, columns 240 to 319 of 360]
-7.06,-10.91,-12.23,-12.85,-13.29,-13.29,-12.62,-10.9,-9.15,-7.28,-3.19,2.94,6.46,10.22,19.6,22.07,23.11,22.05,20.91,19.65,19.05,18.88,17.62,15.84,13.96,10.02,6.6,4.61,3.18,0.66,-3.17,-7.3,-10.36,-13.62,-16.45,-18.95,-21.57,-24.84,-27.61,-29.89,-29.41,-26.7,-24.36,-23.84,-23.12,-21.39,-18.08,-15.25,-13.38,-12.39,-12.2,-11.95,-11.88,-11.9,-11.36,-10.25,-8.87,-7.39,-6.09,-5.31,-4.84,-4.48,-4.49,-4.19,-3.86,-2.2,1.96,5.14,6.34,7.06,8.24,9.44,9.99,10.0,9.55,8.39,6.82,5.53,4.48,3.45
-4.34,-6.47,-8.8,-11.33,-12.19,-13.26,-13.46,-14.25,-13.07,-11.02,-7.39,-0.45,3.78,10.5,20.55,22.19,21.0,21.29,20.64,20.61,21.2,20.29,19.01,16.53,13.29,9.46,4.9,0.1,-0.17,0.62,-1.78,-5.76,-9.88,-12.83,-16.07,-18.65,-20.38,-24.0,-27.58,-29.88,-30.59,-28.61,-25.79,-24.29,-22.62,-20.65,-19.2,-17.28,-13.79,-13.36,-12.47,-13.5,-12.75,-12.0,-11.33,-10.16,-9.0,-8.16,-7.45,-6.43,-5.45,-4.73,-3.1,-1.92,1.0,3.72,5.29,6.4,7.26,8.61,10.12,10.53,10.57,9.57,8.37,7.51,6.44,4.74,3.11,1.24
-6.6,-5.2,-7.24,-8.68,-10.01,-12.11,-12.46,-13.68,-14.41,-13.72,-11.85,-5.91,0.63,11.49,20.81,17.89,18.94,19.61,20.25,20.25,22.27,20.31,18.06,15.98,13.6,10.31,6.37,2.03,-2.17,-2.59,-1.82,-4.42,-8.71,-12.48,-15.23,-18.11,-20.32,-22.23,-26.88,-30.64,-32.12,-31.0,-27.82,-25.31,-23.14,-19.96,-19.1,-17.84,-15.05,-13.07,-11.61,-11.28,-13.22,-12.99,-11.22,-9.35,-7.95,-7.22,-7.04,-7.0,-6.54,-4.59,-1.44,1.34,3.16,4.23,5.08,6.55,8.19,9.6,9.96,9.49,8.34,7.52,9.03,10.41,10.09,8.21,8.52,13.74
-10.33,-10.78,-9.12,-7.78,-9.35,-9.87,-11.58,-11.55,-13.53,-15.09,-14.88,-11.77,-3.3,11.55,17.02,13.62,16.51,17.83,21.04,20.77,22.12,20.22,18.15,15.74,13.29,11.65,8.95,4.88,0.66,-2.16,-3.37,-4.92,-7.38,-11.32,-14.93,-17.75,-20.21,-21.99,-24.78,-30.05,-33.33,-33.14,-29.76,-27.45,-25.22,-21.34,-18.53,-18.02,-15.56,-13.6,-12.13,-12.25,-11.41,-11.15,-9.97,-8.96,-7.84,-6.63,-5.66,-5.29,-4.29,-2.38,-0.55,1.18,2.14,4.34,6.13,7.55,8.46,9.09,8.78,7.84,7.41,8.15,10.94,13.86,10.61,8.38,17.36,16.95
-12.83,-14.04,-14.57,-12.69,-10.59,-11.59,-10.87,-11.72,-12.54,-14.45,-17.16,-16.65,-7.34,8.7,10.77,10.69,12.16,15.78,21.1,23.37,21.59,21.25,17.88,13.84,11.33,12.76,10.03,6.37,2.78,-0.99,-4.29,-6.26,-7.15,-9.44,-13.16,-16.89,-20.17,-22.37,-23.74,-27.67,-32.73,-35.18,-33.17,-28.69,-26.77,-24.37,-20.96,-18.28,-17.05,-15.23,-13.34,-11.12,-9.38,-8.13,-8.0,-6.91,-6.24,-6.03,-5.38,-4.11,-2.95,-1.44,0.06,1.82,3.97,5.89,7.77,8.84,9.09,8.76,8.42,8.88,10.01,11.23,13.37,16.55,14.87,14.24,12.72,15.38
-13.12,-14.47,-16.23,-15.02,-12.92,-13.69,-12.41,-13.51,-13.76,-14.58,-17.16,-19.21,-12.47,5.9,4.06,8.58,9.77,16.68,20.72,21.25,21.29,20.11,17.22,10.81,11.38,12.28,8.51,6.27,3.06,-0.38,-3.0,-6.11,-8.53,-9.14,-11.79,-15.18,-18.72,-22.59,-24.35,-25.48,-30.05,-34.44,-35.76,-32.78,-27.62,-25.17,-24.1,-21.01,-18.71,-16.56,-13.35,-11.19,-10.47,-8.66,-6.82,-6.33,-5.87,-4.92,-3.54,-2.39,-1.35,0.09,2.7,4.58,6.56,8.58,9.57,9.65,9.7,9.09,8.83,9.55,11.17,13.53,15.85,15.87,16.32,16.66,15.43,13.94
-13.58,-15.37,-16.4,-17.01,-17.31,-16.14,-16.32,-15.08,-16.72,-17.76,-20.55,-22.25,-13.49,-1.74,-1.05,3.1,5.96,16.48,20.76,24.94,24.76,22.42,19.6,11.9,15.77,11.91,9.74,7.57,3.91,-0.36,-3.42,-5.25,-7.66,-11.1,-12.65,-14.66,-17.65,-20.83,-24.28,-25.43,-26.53,-31.63,-35.25,-35.43,-31.87,-26.28,-23.7,-23.4,-20.93,-17.92,-14.3,-11.75,-9.19,-8.27,-7.54,-6.52,-5.36,-4.0,-2.51,-1.41,-0.09,2.77,4.95,7.36,8.8,9.66,10.6,10.4,9.62,9.17,8.93,9.43,10.45,11.48,12.24,13.48,14.66,14.68,13.78,12.57
-13.18,-14.5,-16.39,-18.86,-19.68,-18.67,-17.93,-17.4,-19.18,-20.95,-24.22,-25.84,-17.66,-5.89,-7.08,-5.88,0.68,13.48,23.76,25.55,28.21,25.78,23.36,17.74,17.18,14.39,11.27,8.86,6.09,2.86,-1.18,-5.07,-7.1,-9.65,-13.04,-14.47,-15.74,-18.62,-22.48,-25.58,-26.15,-27.11,-31.72,-34.7,-34.9,-31.55,-25.69,-22.16,-20.24,-18.84,-15.81,-11.71,-9.34,-7.54,-7.11,-6.15,-5.05,-3.85,-2.44,-0.4,1.84,3.88,6.86,8.96,9.48,9.64,9.42,10.19,10.52,10.19,10.53,10.68,10.53,11.36,12.71,13.03,12.73,12.27,11.52,10.09
-12.04,-12.74,-16.06,-18.9,-20.82,-20.79,-20.45,-18.44,-19.78,-22.54,-27.39,-26.4,-19.86,-13.19,-11.09,-16.71,-5.07,8.81,25.5,28.83,29.09,26.97,23.3,20.83,21.0,17.76,12.78,10.79,9.19,5.81,2.22,-1.7,-6.14,-8.72,-12.38,-15.09,-15.83,-17.01,-19.67,-22.55,-25.49,-26.1,-26.44,-30.14,-33.18,-33.08,-29.73,-25.61,-21.33,-18.71,-16.07,-11.91,-9.35,-7.9,-6.76,-5.73,-5.04,-3.47,-1.39,0.84,2.89,5.13,7.31,9.3,10.72,11.84,12.29,12.51,12.46,11.85,10.16,9.73,10.92,11.44,11.14,10.82,10.48,10.08,9.76,9.66
-12.57,-12.81,-15.94,-19.74,-22.25,-22.55,-21.21,-20.31,-21.57,-25.15,-28.91,-27.21,-20.49,-17.9,-16.41,-7.93,-11.72,6.91,22.91,29.03,27.42,26.55,23.09,20.29,21.98,21.12,16.03,13.56,11.0,5.93,2.29,-0.68,-3.97,-7.44,-11.44,-15.21,-15.4,-14.63,-16.53,-19.94,-23.41,-25.37,-25.1,-24.65,-27.34,-30.67,-31.72,-30.14,-24.49,-18.68,-14.5,-11.91,-9.79,-8.26,-7.47,-6.2,-4.61,-2.56,-0.19,1.38,3.28,6.07,9.17,11.82,13.1,13.88,14.75,14.75,12.83,11.07,10.31,10.28,10.29,10.06,9.7,9.18,9.02,9.7,10.04,9.98
-13.18,-13.76,-16.24,-18.82,-22.35,-22.06,-22.5,-21.45,-23.9,-27.86,-29.56,-27.18,-20.08,-18.24,-15.62,-8.95,-3.46,9.63,22.48,24.83,24.86,25.76,23.82,20.84,21.86,21.32,16.45,14.11,10.49,4.73,1.63,-0.64,-2.87,-5.96,-9.84,-13.92,-16.62,-15.27,-14.51,-16.43,-19.12,-21.31,-22.8,-23.05,-22.74,-23.89,-26.37,-27.46,-27.17,-22.25,-17.01,-12.78,-10.39,-8.47,-7.15,-5.8,-3.53,-1.84,-0.58,1.29,4.34,8.54,11.81,14.03,15.75,16.71,15.78,13.68,11.88,10.88,11.09,10.58,9.78,9.23,8.21,7.33,6.46,5.49,5.22,4.95
-13.54,-13.35,-16.13,-18.83,-22.26,-23.39,-20.11,-22.83,-25.73,-29.29,-31.26,-23.32,-13.39,-11.68,-10.38,-9.71,-2.62,6.21,18.21,17.86,23.56,24.78,24.62,20.22,21.87,19.97,15.97,13.72,9.17,5.49,1.59,-1.32,-3.2,-5.39,-7.96,-10.5,-14.05,-15.04,-13.42,-13.54,-15.46,-17.29,-18.7,-20.63,-21.62,-21.15,-20.92,-22.49,-24.39,-24.81,-23.06,-18.75,-12.81,-8.87,-6.59,-4.34,-2.88,-1.91,-0.41,3.04,7.83,11.61,14.14,15.32,16.49,15.3,13.08,12.25,12.29,11.68,10.71,9.3,7.76,5.69,4.06,3.38,3.19,3.58,3.76,3.71
-14.31,-13.61,-15.64,-19.77,-21.25,-21.85,-22.56,-23.26,-28.05,-31.04,-27.35,-15.92,-7.55,-8.87,-9.53,-5.2,-2.96,6.06,18.17,17.66,23.45,24.48,24.9,19.63,22.06,18.52,16.0,13.08,9.99,5.59,1.39,-1.47,-3.66,-5.27,-5.93,-7.84,-10.57,-13.97,-13.49,-13.78,-14.03,-14.16,-15.17,-16.43,-18.45,-19.24,-19.28,-18.48,-19.52,-21.81,-23.46,-23.24,-20.11,-15.28,-8.87,-3.52,0.02,1.8,5.16,8.92,11.82,12.45,13.33,15.02,14.48,13.26,12.02,10.67,9.22,8.93,9.48,9.41,8.27,7.57,7.35,8.7,10.53,10.72,10.3,10.14
-15.15,-14.76,-15.71,-18.56,-20.84,-21.37,-22.85,-25.1,-30.0,-31.09,-24.86,-14.58,-10.37,-7.25,-8.79,-3.81,2.49,14.8,15.74,19.03,22.85,23.97,22.24,19.6,19.47,17.13,15.68,12.89,8.76,4.85,2.15,0.03,-2.72,-4.73,-5.43,-6.31,-8.4,-11.03,-11.46,-10.92,-12.0,-13.23,-13.63,-14.61,-15.32,-17.34,-17.99,-18.18,-17.61,-17.81,-19.36,-20.63,-20.35,-18.13,-14.02,-8.23,-1.63,3.57,6.84,9.59,9.82,10.49,12.16,12.08,10.61,9.72,9.36,9.18,6.87,5.75,8.0,10.12,11.66,12.25,13.05,12.54,10.75,9.56,8.35,6.23
-15.25,-16.72,-17.35,-19.28,-21.65,-21.41,-23.49,-26.17,-31.04,-28.67,-19.82,-12.67,-12.24,-7.94,-10.07,-4.34,10.93,14.14,14.94,20.33,21.34,22.71,17.31,19.9,16.98,16.24,14.63,11.17,6.98,4.54,1.86,1.28,0.35,-2.68,-5.0,-6.36,-8.08,-9.91,-10.78,-10.49,-9.74,-9.54,-10.3,-10.51,-11.97,-13.12,-14.55,-15.87,-15.84,-15.26,-15.64,-16.63,-17.02,-16.42,-13.92,-9.9,-5.67,-1.5,3.61,4.75,4.31,7.42,10.28,10.32,10.25,10.49,6.68,5.87,7.35,10.79,12.89,13.88,13.53,12.39,13.18,14.41,13.23,10.51,8.56,7.27
-15.73,-17.28,-18.88,-20.02,-20.68,-22.18,-24.76,-27.93,-31.57,-29.33,-15.57,-8.09,-10.84,-8.51,-8.64,0.86,8.9,14.75,15.36,18.09,19.44,19.33,15.91,19.01,18.6,14.68,12.64,9.11,6.36,3.39,1.89,0.67,1.57,0.3,-2.52,-5.19,-6.1,-7.04,-8.32,-9.84,-10.29,-10.14,-9.76,-8.92,-8.82,-10.1,-10.2,-11.62,-13.07,-13.78,-13.15,-12.67,-12.37,-12.01,-11.39,-9.49,-5.63,-1.96,-1.29,-2.76,0.79,6.87,10.18,10.9,6.32,7.56,14.94,20.32,22.37,17.7,14.52,15.37,16.73,17.65,14.16,11.57,10.84,9.15,7.47,6.39
-16.87,-18.89,-19.58,-20.5,-21.31,-22.09,-25.28,-28.9,-30.79,-25.51,-9.45,-4.17,-8.56,-9.28,-4.96,1.83,9.8,10.65,13.62,12.93,15.56,16.91,19.28,16.31,13.22,11.79,10.28,7.67,4.73,3.24,2.14,1.05,0.44,0.06,-1.72,-3.32,-4.42,-5.43,-5.89,-7.1,-8.79,-8.28,-7.5,-9.4,-8.16,-7.72,-7.65,-6.85,-7.07,-8.12,-9.15,-9.62,-9.68,-9.1,-7.71,-6.49,-6.03,-7.04,-8.03,-5.51,0.42,5.7,7.48,7.4,14.62,16.97,15.68,15.38,14.12,14.45,15.12,15.66,13.48,11.44,11.37,10.13,9.0,8.06,7.35,6.75
-14.21,-17.14,-19.01,-19.81,-21.45,-22.41,-25.64,-27.97,-27.44,-12.13,-3.79,-5.49,-8.05,-6.52,-2.39,1.77,7.88,10.54,12.9,12.36,13.74,13.4,17.89,16.72,12.4,9.43,6.95,6.95,3.63,2.23,1.78,0.5,-0.47,-1.6,-2.84,-3.68,-3.41,-3.96,-4.52,-5.55,-6.2,-7.15,-6.87,-6.97,-8.66,-8.49,-8.43,-8.69,-8.72,-8.55,-8.47,-8.49,-8.77,-9.3,-9.84,-10.33,-10.23,-9.05,-7.67,-5.75,-1.84,-2.27,6.78,17.6,18.41,16.44,14.43,13.53,13.24,13.2,12.8,11.68,11.18,10.41,9.42,8.53,7.82,7.22,6.53,5.8
-14.41,-17.41,-19.0,-21.41,-21.65,-22.41,-27.4,-25.4,-16.88,-11.74,-9.57,-8.59,-6.85,-2.57,2.62,4.8,8.65,10.83,12.15,14.8,15.43,14.56,16.0,12.65,9.89,6.84,6.48,5.75,2.19,1.72,0.65,-0.78,-1.71,-2.94,-3.83,-4.46,-4.63,-4.22,-4.07,-4.15,-4.66,-4.96,-6.3,-7.53,-8.11,-8.18,-8.35,-8.66,-9.24,-9.82,-10.27,-10.38,-10.35,-9.96,-9.23,-8.54,-8.53,-9.18,-8.69,-7.65,-7.85,1.84,20.74,21.52,19.43,17.13,14.99,13.39,12.27,11.36,10.6,9.71,9.01,8.51,8.16,7.69,7.06,6.24,5.42,4.79
-13.38,-17.48,-15.58,-18.23,-21.71,-24.49,-30.36,-25.68,-15.85,-11.46,-6.65,-3.52,-2.55,-0.07,5.33,7.46,9.13,11.65,14.18,14.83,12.51,13.56,11.89,10.8,8.82,5.87,5.06,4.58,1.39,1.03,0.11,-1.43,-2.64,-3.56,-4.06,-4.47,-4.19,-3.76,-4.26,-4.29,-4.14,-4.12,-4.65,-5.8,-6.64,-7.5,-7.95,-8.12,-8.2,-8.53,-8.88,-8.94,-8.84,-9.08,-9.02,-9.13,-9.31,-8.66,-8.53,-9.14,-11.99,4.23,21.21,20.2,17.78,15.88,14.15,12.27,10.3,9.17,8.45,8.0,8.1,8.14,7.78,7.19,6.5,5.6,4.84,4.3
-14.31,-15.33,-15.27,-18.7,-20.97,-23.68,-31.88,-27.99,-15.34,-10.29,-4.95,-3.3,-1.33,1.17,7.17,7.67,10.23,11.95,12.93,11.86,9.77,10.62,10.57,9.02,7.28,5.54,4.42,2.41,0.15,1.2,0.77,-2.21,-3.97,-3.86,-3.04,-2.27,-1.36,-1.28,-1.4,-1.02,-0.72,-1.25,-2.22,-3.68,-4.98,-5.72,-6.23,-6.59,-6.7,-6.57,-6.54,-7.37,-8.08,-8.65,-8.21,-7.75,-7.42,-6.93,-7.57,-7.55,-9.71,5.14,16.5,17.33,16.6,15.47,12.8,9.95,7.9,7.6,7.43,7.75,8.69,8.93,8.42,7.64,6.62,5.42,4.27,3.67
-13.82,-14.89,-17.52,-16.84,-19.06,-23.89,-32.27,-30.98,-14.91,-8.02,-3.94,-2.18,0.46,5.93,9.82,10.57,11.74,11.26,11.07,9.61,9.6,10.44,9.2,7.04,4.27,3.77,2.82,0.8,-0.78,0.98,0.54,-3.3,-4.51,-1.46,-0.68,-0.68,-0.84,-0.99,-0.48,0.37,0.77,0.34,-0.91,-2.17,-3.13,-3.83,-4.26,-4.28,-4.12,-3.82,-4.02,-5.04,-5.93,-6.17,-6.56,-6.03,-5.19,-5.28,-5.46,-5.19,-3.01,6.88,13.94,16.49,15.3,12.94,10.17,7.4,6.82,6.76,7.47,8.84,8.81,8.33,7.8,6.97,5.82,4.5,3.2,2.62
-10.84,-14.57,-16.83,-18.49,-19.25,-23.04,-30.73,-31.22,-11.37,-5.15,-3.51,0.23,4.02,6.26,9.92,10.96,10.52,8.99,11.07,12.14,10.86,9.09,6.87,4.13,1.93,0.67,1.85,-0.45,-1.84,-0.64,0.08,-2.2,-3.21,-0.2,0.24,-0.25,-0.53,-0.19,1.2,2.63,2.67,1.85,2.34,2.17,0.11,-2.16,-3.21,-3.22,-2.1,-1.14,-1.47,-2.17,-3.99,-5.51,-6.12,-6.41,-5.87,-4.25,-3.38,-3.11,-0.53,5.33,11.18,12.26,11.71,9.37,7.55,6.27,5.84,7.21,8.5,8.39,8.16,7.65,7.03,6.11,4.88,3.42,2.21,1.45
-9.12,-11.76,-14.84,-18.74,-19.21,-21.22,-26.29,-25.98,-11.46,-4.41,0.04,3.04,5.35,7.41,7.49,9.17,9.38,6.63,11.37,10.75,8.77,8.91,6.65,2.05,-0.17,-1.19,0.06,-0.39,-1.59,-0.99,-1.01,-1.05,-0.94,-0.78,-0.77,0.03,1.19,2.6,2.55,2.96,2.1,1.68,6.45,7.54,2.58,-0.8,-1.72,-1.6,-1.22,-0.39,-0.34,-1.14,-2.49,-4.22,-5.34,-5.32,-4.57,-3.91,-2.88,-2.3,0.28,5.02,8.18,8.62,7.76,7.33,5.57,5.2,6.53,7.43,7.82,7.62,7.39,6.89,5.84,4.96,4.24,2.95,1.6,0.19
-7.68,-8.44,-13.43,-19.27,-21.5,-20.52,-23.44,-19.97,-12.05,-3.51,2.58,3.75,3.97,6.39,7.38,5.91,5.19,10.34,9.17,10.01,8.35,7.98,6.18,2.26,-0.49,-0.6,-1.78,-1.51,-0.78,-0.38,-0.1,-0.24,-0.73,-0.75,0.06,0.55,1.47,1.93,1.79,1.99,0.5,0.93,8.13,8.51,3.48,0.48,-1.38,-1.35,-0.93,-0.3,0.41,-0.18,-1.99,-4.18,-5.09,-4.92,-4.16,-3.2,-2.66,-2.13,1.27,4.72,5.43,6.46,5.94,5.01,3.92,5.26,6.08,6.93,6.71,7.12,6.75,5.47,4.59,4.14,3.45,2.33,0.63,-1.11
-5.62,-7.73,-12.92,-19.9,-19.81,-19.85,-21.29,-16.11,-10.02,-3.83,0.76,1.26,1.97,2.89,3.81,4.34,3.26,10.61,11.92,9.7,8.46,7.3,6.19,3.88,1.69,0.93,-0.7,-1.76,-1.53,0.9,0.59,0.52,-0.32,-0.48,-0.12,0.98,1.6,0.77,-0.02,-0.08,-0.4,2.36,8.33,6.17,2.65,1.0,-0.2,-0.92,-0.38,0.67,0.02,-0.8,-2.33,-3.98,-4.36,-3.83,-3.28,-3.76,-3.46,-0.3,2.12,3.1,4.45,4.76,4.52,3.03,3.37,4.59,5.85,5.57,5.55,5.81,5.31,4.2,3.27,2.75,2.39,1.55,-0.18,-1.89
-5.47,-9.16,-13.86,-15.96,-15.41,-16.82,-15.99,-13.88,-9.96,-3.76,-1.5,-0.41,0.92,1.13,-1.13,1.85,10.59,9.25,10.7,9.23,8.21,6.89,7.01,5.09,2.1,1.1,0.03,0.23,-0.97,0.9,0.71,0.81,0.63,0.09,0.29,0.53,0.74,0.45,-1.24,-1.91,2.49,7.16,6.03,4.37,2.32,1.29,0.3,-0.81,-0.28,-0.13,-0.76,-0.82,-1.62,-2.58,-2.96,-2.6,-2.31,-2.51,-1.92,-0.78,1.04,2.86,3.94,3.74,2.49,1.86,3.0,4.45,4.54,4.05,4.21,4.3,3.53,2.7,2.04,1.55,1.25,0.66,-0.65,-2.41
-5.88,-8.93,-11.34,-12.17,-13.45,-14.12,-13.55,-11.96,-8.91,-4.97,-3.02,-2.19,-3.16,-3.33,-3.26,5.7,10.01,7.05,8.13,8.13,7.22,6.11,5.97,5.36,2.52,1.17,1.8,3.19,3.12,1.04,0.27,1.05,0.82,0.58,0.37,0.27,0.72,0.84,0.33,-0.3,3.79,9.29,5.9,3.79,1.76,0.93,0.13,-1.23,-1.08,-1.31,-1.46,-1.62,-2.36,-2.24,-2.15,-2.53,-2.71,-2.49,-1.77,0.27,1.64,2.67,2.13,2.75,1.11,1.41,2.79,3.34,3.15,2.71,2.94,2.68,2.2,1.88,1.2,0.74,0.52,-0.11,-1.3,-2.66
-6.09,-8.83,-11.11,-12.37,-11.76,-11.26,-11.74,-10.34,-8.17,-6.86,-4.31,-4.26,-3.3,0.38,7.71,6.96,8.85,5.88,6.69,7.23,5.66,5.28,4.53,4.31,3.3,2.04,2.34,4.39,1.74,0.39,0.33,0.06,0.26,0.91,0.79,0.72,0.75,0.43,0.05,0.48,3.75,5.57,4.86,3.46,1.63,-0.05,-0.62,-1.24,-1.45,-1.25,-1.24,-1.31,-1.23,-0.73,-0.41,-1.03,-1.03,-0.58,-0.43,0.19,1.3,1.91,1.7,0.87,0.24,0.94,1.8,1.96,1.46,1.28,1.03,1.63,2.54,2.31,1.73,0.96,0.3,-0.14,-0.86,-2.3
-5.79,-7.62,-9.7,-9.91,-8.65,-9.32,-10.7,-10.21,-8.82,-6.65,-5.3,-6.36,-2.98,3.88,7.07,7.33,8.61,6.58,5.85,5.62,6.21,5.05,3.85,3.21,3.02,1.65,1.54,1.66,1.24,-0.49,-0.68,-0.05,0.53,0.63,0.43,0.21,0.06,-0.09,-0.31,0.75,1.75,2.78,3.48,2.87,1.37,-0.49,-1.18,-1.26,-0.81,-0.43,-0.21,0.38,0.97,2.26,2.34,1.13,-0.05,-0.76,-0.61,-0.32,1.07,-0.34,1.03,0.2,-0.4,0.23,0.92,0.41,-0.27,-0.43,0.42,2.03,2.91,2.82,2.25,1.5,0.9,0.35,-0.16,-1.29
-4.55,-6.29,-6.9,-6.86,-7.8,-9.1,-9.17,-8.87,-8.44,-7.62,-5.13,-4.7,0.11,3.94,7.48,9.4,8.73,7.93,5.94,6.1,6.05,4.55,3.17,3.35,2.13,1.39,0.97,1.07,0.49,0.39,1.03,1.51,1.04,0.18,1.31,1.24,0.51,0.02,0.25,1.21,0.91,0.16,1.5,0.92,-0.75,-0.57,0.05,-0.33,-0.36,0.48,1.22,1.97,2.98,3.32,2.17,0.73,-0.94,-2.14,-2.28,-1.0,-0.77,-0.61,0.37,0.04,-0.44,0.15,-0.06,-1.21,-1.47,-0.97,0.67,2.57,2.91,3.81,3.72,2.6,1.64,1.13,0.82,0.39
-3.89,-4.93,-5.39,-5.76,-6.78,-7.41,-7.9,-8.14,-8.51,-7.46,-4.82,-1.34,3.14,5.92,8.39,8.66,7.85,7.52,4.82,5.06,4.7,3.83,2.07,2.48,2.23,1.59,1.03,0.9,1.17,1.49,1.37,1.53,2.05,2.53,2.6,2.21,1.58,0.45,-0.08,0.68,-0.76,-1.66,-0.8,-0.7,-1.85,-1.07,0.2,0.12,0.36,1.77,2.66,3.62,3.11,2.51,1.35,-0.59,-2.15,-3.72,-2.59,-1.6,-1.76,-0.07,0.43,0.11,-0.11,0.26,0.38,-1.01,-1.88,-1.66,0.9,2.29,2.22,3.27,3.32,2.29,2.12,1.8,1.7,1.7
-2.46,-3.53,-4.61,-5.28,-5.81,-6.35,-6.89,-7.8,-7.95,-5.96,-2.71,1.28,5.23,6.44,7.76,6.31,5.97,6.9,4.67,3.96,3.3,2.61,1.51,1.02,1.55,2.0,1.43,1.68,1.64,1.56,1.58,1.75,2.44,3.01,2.59,1.8,1.59,1.42,0.56,0.5,-0.76,-1.7,-2.51,-1.59,-1.23,-0.9,-0.54,0.26,1.54,2.55,3.79,4.34,3.71,2.86,1.17,-0.66,-2.32,-3.33,-2.82,-3.52,-1.57,-0.43,0.3,0.15,-0.55,-0.56,-0.26,-0.51,-0.92,-0.94,0.06,0.98,1.65,3.06,2.77,1.88,3.16,2.28,2.18,2.14
-1.3,-1.93,-3.01,-4.12,-5.11,-5.79,-6.22,-6.8,-6.47,-4.32,-0.95,3.07,5.15,5.08,6.52,4.76,6.95,5.31,3.53,3.37,0.95,2.07,1.16,0.35,1.53,1.71,1.61,1.34,1.46,1.48,2.39,1.13,1.37,2.39,1.77,1.97,1.77,1.34,1.21,-0.13,-0.9,-1.85,-3.15,-1.08,-0.92,-0.38,0.46,1.53,2.96,3.81,3.73,3.63,3.37,2.5,1.22,-1.1,-2.39,-3.63,-4.15,-3.88,-1.34,-1.16,-0.71,-0.48,-0.94,-1.09,-0.37,-0.51,-0.49,-0.5,-0.34,0.61,1.58,2.84,3.31,2.44,3.68,2.82,2.8,2.37
-1.15,-1.91,-2.66,-3.38,-3.98,-4.26,-4.26,-4.55,-3.73,-0.78,2.13,3.48,4.06,3.56,6.17,7.2,5.42,4.61,3.59,2.58,0.52,1.42,0.59,-0.08,1.17,2.03,1.73,2.24,2.8,2.84,3.61,2.9,0.22,2.04,2.04,2.61,2.8,1.94,1.72,0.72,-1.02,-1.67,-2.56,-2.11,-0.87,0.78,2.06,2.53,2.87,2.66,2.66,3.6,3.03,2.25,0.28,-1.22,-2.75,-2.76,-3.53,-3.21,-0.64,0.25,-0.59,-1.15,-1.0,-2.14,1.52,-0.24,-0.61,-0.35,-0.43,0.81,1.75,2.16,2.99,3.24,3.49,3.08,3.09,2.78
-1.64,-2.18,-2.74,-2.87,-2.56,-2.91,-3.05,-2.29,-1.2,1.03,2.75,2.21,2.24,3.2,5.02,5.82,5.31,3.7,2.69,0.85,-1.87,-0.52,-0.5,-0.86,0.52,0.17,2.21,1.27,1.82,4.06,2.31,2.08,1.85,2.77,2.8,3.1,3.04,2.41,2.08,0.7,-0.65,-1.61,-2.21,-0.61,-0.06,0.93,2.23,2.07,3.7,2.08,2.4,2.26,2.08,1.07,0.15,-0.86,-1.24,-2.52,-3.1,-1.68,-0.29,0.27,-0.14,-1.39,-2.35,-2.4,-0.69,-0.62,-0.97,-0.12,-0.19,1.42,1.15,2.66,2.23,2.42,3.28,3.39,3.08,3.09
