dist/data/20160925_400.json
{"header": { "discipline":0, "disciplineName":"Meteorological products", "gribEdition":2, "gribLength":76130, "center":7, "centerName":"US National Weather Service - NCEP(WMC)", "subcenter":0, "refTime":"2016-09-25T00:00:00.000Z", "significanceOfRT":1, "significanceOfRTName":"Start of forecast", "productStatus":0, "productStatusName":"Operational products", "productType":1, "productTypeName":"Forecast products", "productDefinitionTemplate":0, "productDefinitionTemplateName":"Analysis/forecast at horizontal level/layer at a point in time", "parameterCategory":2, "parameterCategoryName":"Momentum", "parameterNumber":3, "parameterNumberName":"V-component_of_wind", "parameterUnit":"m.s-1", "genProcessType":2, "genProcessTypeName":"Forecast", "forecastTime":0, "surface1Type":100, "surface1TypeName":"Isobaric surface", "surface1Value":40000.0, "surface2Type":255, "surface2TypeName":"Missing", "surface2Value":0.0, "gridDefinitionTemplate":0, "gridDefinitionTemplateName":"Latitude_Longitude", "numberPoints":65160, "shape":6, "shapeName":"Earth spherical with radius of 6,371,229.0 m", "gridUnits":"degrees", "resolution":48, "winds":"true", "scanMode":0, "nx":360, "ny":181, "basicAngle":0, "subDivisions":0, "lo1":0.0, "la1":90.0, "lo2":359.0, "la2":-90.0, "dx":1.0, "dy":1.0 }, "data":
[rows 0 to 38 of 181, columns 267 to 355 of 360]
19.2,18.9,18.59,18.28,17.96,17.64,17.31,16.97,16.63,16.29,15.94,15.58,15.23,14.86,14.49,14.12,13.74,13.36,12.98,12.59,12.19,11.8,11.4,10.99,10.58,10.17,9.76,9.34,8.92,8.5,8.08,7.65,7.22,6.79,6.35,5.92,5.48,5.04,4.6,4.16,3.71,3.27,2.82,2.38,1.93,1.48,1.03,0.58,0.14,-0.31,-0.76,-1.21,-1.66,-2.11,-2.55,-3.0,-3.44,-3.89,-4.33,-4.77,-5.21,-5.65,-6.09,-6.52,-6.96,-7.39,-7.82,-8.24,-8.67,-9.09,-9.51,-9.92,-10.34,-10.74,-11.15,-11.55,-11.95,-12.35,-12.74,-13.13,-13.51,-13.89,-14.27,-14.64,-15.01,-15.37,-15.73,-16.08,-16.43
18.8,18.5,18.1,17.7,17.4,17.0,16.6,16.2,15.9,15.5,15.1,14.7,14.3,13.9,13.5,13.1,12.7,12.3,11.9,11.5,11.1,10.7,10.3,9.9,9.5,9.1,8.7,8.3,7.9,7.5,7.1,6.7,6.3,5.9,5.4,5.0,4.6,4.2,3.8,3.4,2.9,2.5,2.1,1.7,1.2,0.8,0.4,0.0,-0.5,-0.9,-1.3,-1.7,-2.2,-2.6,-3.0,-3.5,-3.9,-4.3,-4.8,-5.2,-5.6,-6.0,-6.5,-6.9,-7.3,-7.8,-8.2,-8.6,-9.0,-9.5,-9.9,-10.3,-10.7,-11.1,-11.5,-11.9,-12.3,-12.8,-13.2,-13.6,-13.9,-14.3,-14.7,-15.1,-15.5,-15.9,-16.2,-16.6,-17.0
17.4,17.0,16.6,16.3,15.9,15.5,15.2,14.8,14.4,14.0,13.7,13.3,12.9,12.5,12.1,11.8,11.4,11.0,10.6,10.2,9.8,9.4,9.0,8.7,8.3,7.9,7.5,7.1,6.7,6.3,5.9,5.5,5.1,4.7,4.3,3.9,3.5,3.2,2.8,2.4,2.0,1.6,1.2,0.9,0.5,0.1,-0.3,-0.6,-1.0,-1.4,-1.8,-2.1,-2.5,-2.9,-3.3,-3.6,-4.0,-4.4,-4.7,-5.1,-5.5,-5.8,-6.2,-6.5,-6.9,-7.3,-7.6,-8.0,-8.3,-8.7,-9.0,-9.4,-9.8,-10.1,-10.5,-10.8,-11.2,-11.6,-11.9,-12.3,-12.7,-13.1,-13.4,-13.8,-14.2,-14.6,-14.9,-15.3,-15.7
16.7,16.3,15.9,15.5,15.0,14.6,14.2,13.7,13.3,12.9,12.4,12.0,11.6,11.1,10.7,10.3,9.8,9.4,8.9,8.5,8.1,7.7,7.2,6.8,6.4,6.0,5.6,5.2,4.8,4.4,4.0,3.6,3.3,2.9,2.6,2.2,1.9,1.6,1.3,1.0,0.7,0.4,0.2,-0.1,-0.3,-0.6,-0.9,-1.1,-1.4,-1.7,-2.0,-2.3,-2.6,-2.9,-3.3,-3.6,-3.9,-4.3,-4.6,-5.0,-5.3,-5.6,-6.0,-6.3,-6.6,-6.9,-7.3,-7.6,-7.9,-8.2,-8.5,-8.8,-9.1,-9.4,-9.7,-10.1,-10.4,-10.7,-11.0,-11.3,-11.6,-11.9,-12.2,-12.5,-12.8,-13.1,-13.4,-13.8,-14.1
15.9,15.4,14.9,14.3,13.8,13.3,12.7,12.2,11.7,11.2,10.7,10.1,9.6,9.1,8.6,8.0,7.5,6.9,6.4,5.8,5.3,4.8,4.2,3.8,3.3,2.9,2.5,2.1,1.8,1.4,1.1,0.9,0.6,0.4,0.2,0.0,-0.1,-0.2,-0.3,-0.4,-0.5,-0.5,-0.6,-0.7,-0.8,-1.0,-1.2,-1.4,-1.6,-1.8,-2.0,-2.3,-2.5,-2.7,-3.0,-3.3,-3.5,-3.8,-4.1,-4.5,-4.8,-5.1,-5.5,-5.8,-6.1,-6.5,-6.8,-7.1,-7.4,-7.7,-8.0,-8.2,-8.5,-8.7,-8.9,-9.2,-9.4,-9.6,-9.8,-10.0,-10.2,-10.5,-10.7,-10.9,-11.2,-11.4,-11.7,-11.9,-12.2
14.8,14.2,13.5,12.9,12.2,11.6,11.0,10.4,9.8,9.3,8.7,8.2,7.6,7.1,6.5,6.0,5.4,4.9,4.3,3.7,3.1,2.5,1.9,1.4,0.8,0.3,-0.1,-0.5,-0.8,-1.1,-1.4,-1.6,-1.8,-2.0,-2.1,-2.2,-2.3,-2.4,-2.5,-2.6,-2.6,-2.6,-2.7,-2.7,-2.7,-2.7,-2.7,-2.8,-2.8,-2.9,-2.9,-3.0,-3.2,-3.4,-3.5,-3.8,-4.0,-4.2,-4.5,-4.7,-5.0,-5.3,-5.6,-5.8,-6.1,-6.3,-6.5,-6.7,-6.9,-7.0,-7.1,-7.3,-7.4,-7.5,-7.6,-7.7,-7.9,-8.0,-8.1,-8.2,-8.3,-8.4,-8.5,-8.6,-8.7,-8.8,-9.0,-9.1,-9.2
13.6,12.9,12.1,11.3,10.6,9.8,9.1,8.4,7.7,7.0,6.4,5.8,5.2,4.6,4.0,3.5,3.0,2.5,2.0,1.4,0.9,0.3,-0.3,-1.0,-1.6,-2.1,-2.6,-2.9,-3.2,-3.4,-3.5,-3.6,-3.7,-3.8,-3.8,-3.9,-4.0,-4.0,-4.1,-4.1,-4.2,-4.2,-4.2,-4.2,-4.2,-4.3,-4.3,-4.4,-4.5,-4.7,-4.8,-5.0,-5.3,-5.5,-5.7,-5.9,-6.1,-6.3,-6.4,-6.5,-6.6,-6.7,-6.7,-6.7,-6.7,-6.6,-6.6,-6.5,-6.5,-6.4,-6.3,-6.3,-6.2,-6.1,-6.0,-5.8,-5.7,-5.6,-5.6,-5.5,-5.5,-5.5,-5.6,-5.6,-5.7,-5.8,-5.9,-6.0,-6.1
13.5,12.7,11.9,11.0,10.1,9.2,8.3,7.4,6.5,5.7,4.8,4.0,3.3,2.5,1.8,1.1,0.4,-0.2,-0.7,-1.3,-1.8,-2.3,-2.9,-3.4,-4.3,-4.9,-5.5,-5.9,-6.2,-6.4,-6.5,-6.5,-6.5,-6.5,-6.5,-6.5,-6.4,-6.4,-6.4,-6.3,-6.2,-6.2,-6.1,-6.1,-6.1,-6.2,-6.4,-6.7,-6.9,-7.2,-7.5,-7.6,-7.6,-7.8,-8.2,-8.3,-8.0,-7.3,-7.0,-7.2,-7.5,-7.5,-7.5,-7.1,-6.8,-7.1,-6.6,-5.6,-5.6,-5.5,-5.1,-4.9,-4.7,-4.6,-4.4,-4.3,-4.2,-4.1,-4.0,-3.9,-3.9,-3.8,-3.8,-3.8,-3.8,-3.8,-3.8,-3.8,-3.9
14.0,13.1,12.3,11.4,10.5,9.5,8.4,7.4,6.3,5.3,4.3,3.4,2.4,1.4,0.4,-0.5,-1.4,-2.3,-3.2,-4.1,-4.9,-5.5,-6.1,-6.7,-7.3,-7.9,-8.2,-8.5,-8.8,-9.0,-9.2,-9.3,-9.0,-8.8,-8.6,-8.5,-8.6,-8.7,-8.7,-8.7,-8.9,-8.9,-9.2,-9.4,-9.4,-9.4,-9.6,-10.0,-10.2,-10.0,-10.1,-10.1,-9.9,-9.7,-9.6,-9.6,-9.5,-9.4,-8.9,-8.6,-7.8,-7.3,-7.6,-7.8,-6.9,-6.2,-5.9,-5.8,-5.5,-5.3,-4.9,-4.6,-4.3,-3.8,-3.3,-2.7,-2.2,-1.7,-1.3,-0.9,-0.6,-0.3,-0.1,0.0,0.1,0.1,0.1,0.1,0.0
14.1,13.2,12.3,11.3,10.3,9.3,8.4,7.5,6.6,5.7,4.8,3.7,2.7,1.5,0.1,-0.9,-2.0,-3.2,-4.3,-5.4,-6.5,-7.8,-9.0,-9.8,-10.3,-10.4,-11.1,-11.8,-11.7,-11.9,-12.0,-12.1,-12.2,-12.0,-11.8,-11.8,-11.9,-12.0,-12.1,-12.3,-12.5,-12.7,-12.9,-13.2,-13.4,-13.5,-13.5,-13.4,-13.3,-13.1,-13.0,-12.8,-12.4,-12.1,-11.7,-11.3,-11.2,-10.9,-10.6,-10.5,-10.4,-10.2,-9.7,-8.9,-7.8,-6.6,-5.2,-3.1,-1.2,-0.1,1.2,3.2,6.6,8.3,8.3,8.3,7.9,7.6,7.4,7.2,7.0,6.7,6.4,6.1,5.7,5.3,4.8,4.4,3.9
14.2,13.4,12.5,11.5,10.5,9.4,8.4,7.4,6.4,5.3,4.2,3.0,2.1,1.2,0.3,-0.8,-1.8,-3.1,-4.4,-5.2,-6.5,-8.0,-9.4,-11.0,-12.2,-13.3,-14.1,-14.8,-15.3,-15.6,-15.5,-15.4,-15.6,-16.1,-15.8,-15.9,-16.1,-16.2,-16.5,-16.7,-17.1,-17.2,-17.4,-17.5,-17.4,-17.3,-17.1,-16.9,-16.7,-16.3,-15.8,-15.3,-15.1,-15.0,-14.8,-14.6,-13.8,-12.6,-10.9,-8.5,-5.8,-3.0,0.0,2.5,4.3,5.9,7.2,8.4,9.4,10.2,10.4,10.3,10.0,10.3,9.8,9.5,9.0,8.4,7.8,7.3,6.9,6.5,6.0,5.5,4.9,4.4,3.8,3.4,2.9
14.9,14.0,12.8,11.7,10.5,9.5,8.5,7.2,5.8,4.5,3.3,2.1,1.2,0.5,-0.7,-1.8,-3.1,-4.5,-5.6,-6.7,-7.7,-8.7,-9.8,-11.1,-12.5,-14.0,-15.3,-16.5,-17.4,-18.1,-18.8,-19.4,-19.7,-19.8,-20.1,-20.5,-20.9,-21.2,-21.4,-21.6,-21.7,-21.7,-21.5,-21.4,-21.3,-21.1,-20.6,-20.1,-19.9,-19.9,-19.9,-19.3,-17.7,-15.2,-11.9,-8.2,-4.5,-1.1,1.5,3.2,4.1,4.6,5.1,5.9,7.3,8.9,10.4,11.3,11.6,11.2,10.5,9.9,9.3,8.4,7.9,7.9,8.4,8.9,9.1,8.9,8.3,7.6,6.9,6.4,6.0,5.7,5.5,5.2,4.9
15.5,14.5,13.3,12.0,10.6,9.3,8.1,6.9,5.9,4.8,3.0,1.2,0.2,-2.0,-3.5,-4.4,-5.4,-6.5,-7.4,-8.0,-8.8,-9.8,-10.8,-12.4,-14.3,-15.5,-16.8,-17.8,-18.6,-19.7,-20.9,-22.0,-22.9,-23.6,-24.2,-24.9,-25.4,-25.7,-25.7,-25.8,-25.8,-25.7,-25.4,-25.0,-24.5,-24.3,-24.4,-24.4,-23.4,-21.2,-17.7,-13.7,-9.6,-5.8,-2.5,0.5,2.8,4.4,5.2,5.4,5.4,5.7,6.4,7.6,9.0,10.3,11.3,11.8,11.6,10.8,9.5,8.4,7.3,7.2,8.0,9.1,10.0,10.5,10.6,10.3,9.9,9.2,8.3,7.5,6.8,6.2,5.8,5.5,5.3
15.5,14.4,13.3,12.2,11.1,9.6,7.8,5.7,4.1,3.2,2.5,1.1,-1.0,-3.3,-5.8,-7.2,-8.2,-8.9,-9.5,-10.2,-10.9,-11.9,-13.1,-14.4,-15.8,-16.8,-18.3,-19.7,-20.5,-21.6,-23.1,-24.5,-25.7,-26.8,-27.7,-28.3,-28.8,-29.1,-29.3,-29.4,-29.4,-29.1,-28.8,-28.6,-28.5,-27.5,-24.9,-20.7,-15.9,-11.4,-7.9,-5.3,-3.4,-1.8,-0.1,1.8,3.8,5.5,6.4,6.5,6.2,6.1,6.6,7.8,9.0,10.0,10.5,10.5,10.4,10.2,8.8,7.0,5.5,5.3,5.9,6.8,7.8,8.4,8.4,8.0,7.7,7.5,7.5,7.5,7.6,7.4,7.0,6.5,6.1
15.3,14.2,13.0,11.6,9.9,8.4,7.1,5.9,4.3,2.0,-0.6,-2.8,-4.3,-5.3,-6.2,-8.0,-9.5,-10.5,-11.2,-11.9,-12.9,-14.1,-15.5,-16.9,-18.2,-19.3,-20.4,-21.8,-23.0,-24.4,-25.8,-27.2,-28.6,-30.0,-31.0,-31.4,-32.1,-32.6,-32.9,-32.6,-32.2,-32.8,-33.7,-32.2,-27.2,-20.9,-15.5,-11.1,-7.2,-4.2,-1.6,0.2,1.6,2.5,3.2,3.6,4.1,4.9,6.0,7.0,7.2,6.7,5.9,5.8,6.5,7.5,8.3,8.7,9.0,9.0,8.1,6.8,5.7,5.0,5.2,5.8,6.1,6.4,7.3,8.7,10.0,10.8,11.2,11.2,11.0,10.5,9.7,8.5,7.2
15.9,14.3,12.7,11.4,10.2,8.7,6.3,3.0,0.4,-0.9,-1.5,-2.5,-5.0,-7.8,-9.3,-10.6,-12.5,-13.9,-14.0,-14.2,-15.2,-16.7,-18.0,-19.2,-20.5,-21.8,-23.0,-24.3,-25.9,-27.5,-29.0,-30.3,-31.5,-32.7,-33.9,-34.7,-35.4,-35.4,-37.3,-38.2,-38.3,-36.7,-33.2,-27.6,-20.9,-15.5,-10.1,-4.7,-0.3,3.0,5.4,6.8,7.5,7.7,7.7,7.6,7.2,6.7,6.1,6.0,6.3,6.9,7.1,6.9,6.5,6.6,7.0,7.2,7.3,7.4,7.3,6.8,5.7,5.4,5.0,5.0,5.2,5.6,6.0,6.2,6.1,6.1,6.5,7.2,7.8,8.5,8.7,8.3,7.3
16.2,13.8,11.0,8.1,5.9,5.1,5.1,4.6,2.6,-0.4,-3.3,-5.0,-6.5,-8.7,-10.9,-12.3,-13.2,-14.6,-15.5,-15.9,-16.9,-18.8,-20.5,-21.7,-22.8,-24.2,-25.6,-27.0,-28.5,-30.1,-31.4,-32.7,-34.0,-35.1,-36.2,-37.2,-38.2,-39.6,-40.7,-42.7,-40.3,-35.5,-29.8,-24.0,-17.2,-10.1,-3.8,1.7,6.0,9.1,10.9,11.5,11.2,10.7,10.3,9.9,9.2,8.3,7.3,6.4,6.1,6.5,7.3,7.8,7.6,7.5,7.2,7.8,6.6,6.9,6.0,6.2,5.0,4.1,3.6,3.5,3.8,4.4,4.9,5.2,5.2,4.9,4.4,4.0,3.9,4.3,4.9,5.5,5.8
15.7,13.8,11.8,9.8,8.0,6.4,4.6,2.4,0.5,-1.2,-3.3,-6.2,-8.5,-10.8,-11.9,-13.4,-14.1,-16.6,-17.0,-17.7,-18.9,-20.5,-22.4,-23.9,-25.1,-26.5,-28.0,-29.4,-30.8,-32.1,-33.3,-34.6,-35.7,-36.8,-37.8,-38.7,-40.4,-42.8,-44.3,-40.7,-37.7,-32.0,-26.2,-20.1,-13.0,-5.5,1.9,7.4,10.6,12.1,12.8,12.6,11.9,11.1,10.4,9.7,9.2,8.9,8.2,7.0,6.0,6.0,7.0,7.3,7.4,5.8,5.3,5.0,6.7,5.2,5.0,4.7,3.9,3.4,3.1,2.8,2.9,3.1,3.4,4.0,4.8,5.6,6.1,6.3,6.4,6.4,6.5,6.6,6.6
15.1,13.6,12.0,10.1,7.8,5.6,3.8,2.1,-0.2,-2.8,-5.1,-7.3,-10.1,-11.7,-14.2,-15.3,-15.6,-16.8,-18.1,-19.9,-20.8,-22.2,-23.9,-25.6,-27.1,-28.3,-29.7,-31.1,-32.3,-33.5,-34.6,-35.7,-36.5,-37.2,-37.8,-39.4,-41.6,-43.0,-41.0,-34.2,-32.9,-27.3,-21.3,-14.8,-7.9,-1.0,4.9,8.7,10.5,11.1,11.0,10.5,9.9,9.4,8.8,8.2,7.5,6.9,6.5,5.5,4.4,4.5,5.6,6.5,5.9,5.8,4.9,4.9,4.2,4.5,4.0,3.1,2.3,1.8,1.6,1.7,2.1,2.7,3.6,4.7,5.7,6.7,7.6,8.6,9.7,10.6,11.1,11.0,10.8
15.6,12.8,10.2,8.4,7.0,5.3,3.2,0.8,-1.6,-4.2,-6.8,-9.1,-11.4,-13.3,-14.8,-16.5,-17.8,-18.7,-19.4,-21.5,-22.3,-23.9,-25.3,-26.8,-28.3,-29.5,-30.8,-32.1,-33.1,-34.0,-34.8,-35.3,-35.5,-35.7,-36.7,-38.4,-39.5,-37.5,-33.2,-29.7,-26.0,-21.0,-15.8,-9.4,-4.3,0.7,4.1,6.2,7.3,7.8,8.2,8.4,8.3,7.7,6.9,6.1,5.5,4.7,3.9,2.8,2.0,3.2,5.4,6.6,5.8,5.4,4.1,3.4,2.5,2.2,1.9,0.9,0.6,0.6,0.7,1.2,2.1,3.2,4.3,5.4,7.1,9.0,10.5,11.2,11.4,11.7,12.7,13.3,12.5
14.5,12.8,10.8,8.5,6.2,4.1,1.9,-0.4,-2.9,-5.5,-8.1,-10.5,-12.6,-14.1,-15.1,-16.9,-18.3,-19.4,-21.1,-22.2,-23.7,-25.2,-26.5,-28.1,-29.0,-29.9,-31.3,-32.2,-32.8,-33.2,-33.4,-33.3,-33.3,-34.0,-35.0,-35.6,-34.0,-29.6,-25.3,-20.8,-17.7,-14.9,-11.3,-7.4,-3.4,-0.5,1.5,3.0,4.3,5.5,6.3,6.3,5.6,4.9,4.3,3.9,3.2,2.1,1.1,0.1,0.2,2.4,3.9,3.6,3.3,3.0,1.7,1.0,1.1,0.7,0.0,-0.3,-0.6,-0.3,0.6,1.5,2.2,2.9,4.4,7.1,9.3,9.6,9.2,9.5,10.9,12.6,12.4,10.8,10.7
14.3,12.2,9.9,7.8,5.5,3.2,0.9,-1.5,-4.3,-7.0,-9.5,-11.6,-13.3,-14.5,-15.9,-17.6,-19.0,-20.2,-21.7,-23.2,-24.5,-25.9,-27.3,-28.4,-29.5,-30.2,-30.7,-31.1,-31.0,-30.9,-30.9,-31.2,-31.9,-32.6,-32.6,-30.9,-27.1,-22.7,-18.8,-15.4,-12.8,-10.6,-7.9,-5.5,-2.9,-1.0,0.5,2.1,3.3,4.0,4.3,4.0,3.0,1.9,1.3,1.1,0.7,0.0,-1.5,-2.0,1.5,2.0,2.7,3.6,3.5,2.7,1.9,0.5,-1.1,-0.9,-0.7,-1.3,-1.5,-0.9,0.5,1.3,1.4,2.0,4.1,7.6,9.4,8.1,5.9,4.9,6.6,7.6,5.3,5.1,9.5
13.4,11.1,9.0,6.8,4.6,2.5,0.1,-2.9,-5.7,-8.4,-10.7,-13.0,-14.6,-16.1,-17.7,-19.0,-20.0,-21.0,-22.3,-23.5,-24.9,-26.4,-27.3,-28.1,-28.5,-28.6,-28.2,-28.6,-28.0,-28.1,-28.8,-29.6,-30.1,-29.6,-27.6,-24.2,-20.4,-17.0,-14.3,-12.1,-9.9,-7.8,-5.9,-3.8,-1.8,-0.1,1.6,2.7,2.9,2.4,1.6,0.7,-0.2,-1.0,-1.5,-1.6,-1.9,-2.6,-4.2,-3.6,0.7,3.4,2.7,3.3,2.5,1.1,0.3,0.1,-0.7,-1.8,-2.4,-2.6,-2.4,-1.2,0.3,0.6,0.6,1.2,1.9,3.4,6.6,7.7,5.5,3.1,2.4,2.7,5.4,10.6,16.0
12.7,10.4,8.2,6.1,4.0,1.6,-1.3,-4.2,-7.2,-9.8,-12.3,-14.7,-16.5,-18.0,-19.3,-20.2,-21.0,-21.9,-23.1,-24.4,-25.6,-26.3,-26.8,-26.9,-26.7,-26.3,-26.4,-26.3,-27.1,-25.9,-27.8,-27.5,-26.0,-23.7,-20.5,-17.5,-15.1,-13.2,-11.5,-9.6,-7.8,-5.6,-3.3,-1.2,0.9,1.9,1.6,1.2,0.9,0.2,-0.9,-2.2,-3.3,-4.4,-4.9,-4.9,-4.6,-5.8,-6.6,-2.7,1.9,2.7,3.7,3.0,1.1,-0.4,-0.6,-0.2,-0.2,-0.9,-1.5,-1.4,-1.0,-1.2,-1.2,-0.8,-0.3,0.6,1.9,2.7,3.6,5.3,7.1,8.4,10.0,12.4,15.9,20.5,24.8
12.3,9.8,7.4,5.4,3.1,0.3,-2.8,-5.9,-8.7,-11.3,-14.0,-16.2,-18.0,-19.5,-20.6,-21.6,-22.6,-23.7,-24.7,-25.4,-25.7,-25.7,-25.4,-25.0,-24.5,-24.6,-24.5,-24.7,-26.4,-24.3,-23.5,-21.7,-19.0,-16.6,-14.6,-12.8,-11.2,-9.5,-7.3,-4.9,-2.1,0.1,0.2,1.7,1.2,0.6,0.4,0.1,-0.9,-2.4,-3.6,-4.7,-5.7,-7.5,-7.8,-8.5,-8.0,-8.8,-7.6,-1.3,2.0,2.9,2.2,0.6,-0.3,-0.9,-1.2,-1.8,-2.7,-2.8,-1.8,-1.6,-1.1,-0.7,-0.3,-0.3,1.5,2.8,4.6,6.5,7.6,8.9,10.8,13.3,16.2,19.0,21.5,23.9,26.2
11.5,8.8,6.4,4.3,1.8,-1.3,-4.5,-7.4,-10.2,-12.7,-15.4,-17.2,-19.2,-20.8,-22.1,-23.6,-25.0,-25.9,-26.1,-25.9,-25.4,-24.8,-24.3,-24.2,-24.3,-24.0,-23.5,-22.8,-20.2,-18.4,-16.6,-14.7,-12.7,-10.5,-8.1,-5.7,-3.5,-1.7,-0.5,0.0,0.1,-0.2,-0.2,-0.4,-0.7,-1.2,-1.8,-2.9,-4.0,-4.5,-5.5,-6.4,-7.8,-8.2,-10.1,-10.8,-10.9,-11.5,-7.1,-0.5,1.0,0.5,-0.8,-0.9,-1.7,-2.6,-1.5,-0.7,-1.7,-3.8,-3.5,-1.1,1.1,0.6,1.7,4.1,4.2,4.6,6.4,8.2,10.4,12.7,14.8,16.3,17.9,20.3,23.1,25.9,28.7
9.6,7.6,5.0,3.0,0.3,-2.9,-5.7,-8.7,-11.7,-14.4,-16.6,-18.8,-20.8,-22.6,-24.6,-26.2,-27.1,-27.2,-26.6,-25.8,-25.1,-25.0,-25.0,-24.7,-23.8,-21.5,-18.2,-14.3,-11.6,-8.9,-7.1,-5.6,-4.5,-3.9,-3.6,-3.2,-2.6,-2.0,-1.6,-1.4,-1.4,-1.5,-1.7,-1.9,-2.3,-2.8,-3.5,-4.2,-5.3,-7.0,-8.4,-9.1,-9.3,-10.0,-11.7,-13.3,-13.5,-14.0,-7.5,-1.6,-1.6,-2.5,-3.0,-2.8,-4.3,-5.5,-7.2,-8.0,-5.0,-1.4,1.4,2.1,1.9,2.2,2.3,2.7,4.2,6.6,9.6,11.7,12.9,14.2,15.8,17.6,20.1,22.8,25.7,28.6,31.3
7.7,5.9,3.5,1.6,-1.2,-4.3,-7.0,-10.2,-13.5,-16.2,-18.7,-21.2,-23.4,-25.9,-27.9,-28.9,-28.8,-27.8,-26.9,-26.7,-27.0,-26.4,-23.9,-19.4,-14.2,-9.6,-6.6,-5.0,-4.5,-4.7,-4.7,-4.7,-4.5,-4.1,-3.5,-2.8,-2.3,-1.8,-1.5,-1.3,-1.2,-1.3,-1.3,-1.6,-2.6,-3.1,-4.0,-5.4,-6.6,-7.6,-9.0,-10.0,-11.6,-11.5,-12.2,-14.4,-14.8,-16.0,-10.3,-4.0,-4.4,-5.4,-6.5,-7.3,-9.8,-10.0,-8.5,-4.6,0.8,3.3,2.8,1.4,0.3,-0.6,-0.4,2.2,6.4,9.6,11.5,13.5,15.6,17.7,19.5,20.7,22.3,24.9,28.1,30.9,32.7
5.8,4.0,1.9,0.1,-2.4,-5.7,-8.4,-11.9,-15.5,-18.6,-21.6,-24.4,-27.2,-29.7,-30.9,-30.8,-30.1,-29.9,-30.4,-29.4,-24.0,-15.8,-9.8,-7.5,-7.4,-7.3,-6.9,-6.2,-5.8,-5.3,-4.7,-4.5,-4.3,-4.0,-3.5,-2.8,-1.9,-0.9,0.0,0.6,0.8,0.3,-0.5,-1.2,-1.7,-2.8,-3.9,-5.1,-6.4,-7.8,-8.7,-10.1,-11.7,-13.1,-12.9,-14.1,-15.0,-16.2,-15.7,-7.6,-6.0,-6.7,-7.5,-8.1,-8.8,-8.7,-7.9,-2.8,4.0,3.3,0.7,-1.8,-3.6,-3.4,-0.8,3.0,6.8,9.1,11.5,15.5,20.5,23.3,23.4,23.0,23.9,27.0,30.8,33.1,34.1
5.2,2.0,0.0,-1.5,-3.7,-7.1,-9.9,-13.5,-17.6,-21.5,-25.0,-28.4,-31.4,-33.3,-33.6,-33.2,-33.5,-33.3,-27.4,-16.0,-9.4,-8.7,-9.5,-9.8,-9.5,-8.7,-7.9,-7.0,-6.4,-6.1,-5.4,-4.4,-3.5,-2.8,-2.3,-1.8,-1.2,-0.4,0.3,0.9,1.5,1.4,0.9,0.2,-0.5,-1.3,-2.3,-3.5,-5.5,-5.9,-6.9,-8.0,-9.6,-12.2,-14.0,-14.2,-15.1,-14.9,-17.7,-16.5,-8.6,-6.5,-6.6,-6.7,-6.0,-5.8,-4.9,-0.9,1.0,0.0,-2.2,-4.9,-5.8,-3.8,-0.9,1.8,5.3,8.2,12.2,17.4,22.4,26.5,27.5,25.4,25.9,30.1,34.3,36.6,38.3
5.4,1.2,-2.4,-3.6,-5.3,-8.4,-11.4,-15.0,-19.6,-24.3,-28.4,-32.1,-35.2,-36.5,-36.6,-37.1,-36.4,-26.3,-12.4,-9.7,-11.0,-11.3,-11.6,-11.3,-10.3,-9.5,-8.7,-7.8,-6.5,-5.1,-4.0,-2.5,-1.6,-1.6,-1.9,-2.0,-1.7,-1.0,-0.2,0.6,0.8,0.9,1.2,1.0,0.8,0.8,0.1,-1.1,-2.0,-2.8,-4.0,-5.3,-6.5,-8.5,-11.6,-14.0,-14.8,-14.9,-13.9,-17.4,-17.6,-9.4,-7.0,-7.2,-7.3,-7.0,-4.0,-0.9,-1.2,-1.1,-3.1,-5.0,-5.5,-4.3,-3.1,-0.9,3.5,7.6,11.3,16.6,22.3,26.9,29.3,28.0,27.1,33.3,38.5,41.6,42.6
5.4,1.2,-3.5,-6.7,-7.4,-9.7,-12.9,-16.5,-21.4,-26.8,-31.4,-35.3,-38.0,-39.0,-39.6,-39.5,-29.9,-14.1,-11.8,-13.0,-12.5,-13.0,-13.2,-12.7,-12.0,-10.9,-9.8,-8.6,-7.1,-5.5,-3.1,-1.2,-0.5,-3.2,-4.9,-4.6,-3.7,-2.6,-1.5,-0.8,-0.6,-0.4,0.2,1.2,2.0,2.4,2.4,2.0,1.1,0.2,-0.8,-2.2,-3.6,-4.7,-6.6,-10.0,-13.2,-14.2,-13.8,-12.8,-16.5,-18.0,-10.2,-9.1,-9.5,-10.1,-5.1,-2.1,-1.7,-2.0,-2.0,-2.2,-2.7,-3.3,-2.8,-1.3,1.3,6.0,9.8,16.2,21.1,22.2,22.6,25.2,26.8,35.6,42.9,45.3,46.0
3.4,0.4,-2.9,-7.3,-10.5,-11.6,-14.3,-17.8,-23.0,-28.9,-33.7,-37.5,-39.9,-40.9,-41.5,-37.0,-20.8,-14.8,-15.6,-14.4,-14.5,-14.5,-14.0,-13.6,-12.9,-12.0,-11.1,-9.6,-7.6,-3.8,0.0,0.5,-1.5,-5.3,-8.2,-4.9,-2.6,-1.1,-0.1,-0.4,-1.1,-1.1,0.0,1.5,3.0,4.4,5.4,5.9,6.0,5.4,4.2,2.6,0.6,-1.6,-3.7,-5.2,-6.9,-9.6,-12.2,-13.3,-12.9,-16.3,-17.8,-11.4,-11.8,-13.5,-11.4,-6.9,-2.3,0.7,0.5,0.2,0.5,-0.6,-1.5,-0.6,-0.1,3.7,7.9,13.7,15.6,15.8,19.5,26.7,34.7,40.0,45.3,48.5,48.0
4.4,0.1,-5.3,-6.6,-8.9,-13.0,-16.3,-19.2,-24.0,-30.4,-35.4,-39.0,-41.1,-42.1,-41.9,-32.7,-19.0,-19.8,-19.0,-18.1,-16.4,-14.7,-13.6,-13.1,-12.8,-12.7,-12.1,-8.8,-1.0,2.1,0.8,-1.4,-3.1,-6.1,-9.2,-4.7,-3.2,-3.8,-2.5,-1.6,-1.3,-0.4,1.1,2.5,3.8,5.4,6.8,7.1,6.7,6.4,6.4,6.4,5.4,3.7,1.9,0.1,-1.8,-4.2,-7.0,-9.6,-12.1,-13.2,-15.9,-17.3,-13.2,-13.8,-15.6,-13.8,-10.3,-4.4,1.3,3.8,4.6,3.3,1.3,1.8,0.1,-0.5,6.2,7.3,10.4,13.0,18.7,28.7,36.7,44.2,47.7,50.6,50.1
5.1,1.3,-2.5,-7.6,-10.7,-14.2,-17.1,-20.7,-24.4,-30.7,-36.2,-39.7,-41.9,-43.0,-42.6,-30.9,-21.9,-24.7,-23.9,-20.0,-16.5,-14.3,-12.2,-11.9,-12.9,-13.2,-11.8,-6.1,-0.5,0.9,0.6,-1.5,-4.7,-7.5,-8.2,-6.0,-4.6,-3.3,-1.9,-1.0,0.4,1.2,1.6,2.5,3.9,5.5,7.1,8.4,8.7,8.1,7.6,6.8,5.3,4.6,4.9,4.9,3.8,1.6,-1.1,-3.4,-5.4,-8.6,-12.4,-15.1,-17.1,-16.1,-14.4,-14.8,-14.5,-12.4,-8.4,-3.9,0.0,4.9,6.0,3.6,0.2,-2.6,4.7,2.9,4.6,8.6,22.0,30.6,37.7,45.8,49.9,50.5,50.2
4.2,1.9,-1.6,-7.1,-11.3,-14.6,-18.3,-21.4,-24.6,-29.6,-35.4,-39.2,-41.7,-43.4,-43.8,-31.7,-25.5,-28.6,-27.0,-21.0,-16.9,-15.3,-13.5,-12.1,-12.4,-12.7,-11.8,-8.3,-3.8,-1.5,-1.4,-2.2,-4.1,-5.7,-6.4,-5.4,-3.6,-3.8,-4.3,-3.3,0.7,4.8,6.5,7.5,8.7,10.1,11.1,11.5,11.1,10.1,8.8,7.5,6.0,5.1,4.4,3.8,4.0,4.7,4.7,3.9,2.0,-1.4,-5.2,-8.3,-11.2,-14.1,-16.5,-17.2,-16.2,-14.9,-13.7,-11.3,-7.9,-5.0,0.6,5.1,3.8,-0.8,-0.3,3.1,2.7,5.6,22.1,29.8,35.5,44.8,49.3,50.1,49.3
3.6,2.4,-1.9,-6.8,-11.4,-14.6,-17.6,-21.4,-25.0,-28.2,-33.7,-38.3,-41.0,-43.6,-46.1,-35.6,-28.1,-30.4,-28.7,-23.5,-19.1,-15.6,-14.7,-14.0,-12.8,-12.3,-11.8,-10.7,-8.7,-6.7,-4.3,-3.0,-3.4,-4.0,-4.4,-4.7,-5.0,-3.2,1.7,6.9,9.2,8.8,9.0,10.4,11.8,12.6,12.8,12.8,12.3,12.1,12.4,12.2,11.2,10.5,10.2,9.5,7.7,6.1,4.6,1.8,-0.9,-2.7,-3.2,-2.9,-4.2,-7.3,-10.3,-12.8,-15.3,-17.3,-17.8,-16.5,-14.0,-10.6,-7.1,-4.4,0.8,4.0,3.2,2.8,4.8,10.6,18.4,21.4,29.9,44.7,49.4,50.6,49.1
2.9,0.7,-0.4,-4.0,-9.7,-13.7,-17.1,-20.3,-24.2,-27.7,-31.4,-36.6,-40.2,-43.1,-47.4,-41.1,-30.0,-29.4,-28.0,-24.5,-20.7,-17.6,-15.5,-14.9,-14.1,-12.9,-12.0,-11.1,-9.8,-8.1,-6.8,-6.2,-5.2,-4.4,-4.1,-0.8,2.2,5.1,6.7,7.3,7.8,9.3,10.5,10.9,11.2,12.0,13.4,14.0,16.1,19.1,19.4,18.4,17.1,15.5,12.6,9.5,8.0,7.3,6.4,5.0,3.3,1.2,-1.6,-4.8,-7.6,-8.5,-7.9,-8.3,-10.1,-12.2,-14.4,-16.4,-17.9,-17.9,-16.2,-12.9,-9.0,-4.6,1.7,5.5,8.1,10.6,12.9,14.1,27.3,43.2,48.8,49.3,47.9
3.8,-0.5,-3.0,-4.4,-6.6,-11.8,-15.9,-19.2,-22.8,-26.5,-30.0,-34.1,-39.0,-42.2,-46.7,-46.3,-34.2,-29.0,-26.5,-24.1,-21.5,-18.8,-16.5,-15.1,-14.6,-13.6,-12.1,-10.6,-8.9,-6.9,-5.4,-5.2,-5.0,-3.6,-0.7,2.1,4.1,4.9,5.9,7.6,9.3,10.0,9.6,9.5,10.6,12.6,13.1,16.9,20.9,22.0,15.3,14.3,16.5,16.0,17.9,18.7,17.2,14.2,11.4,10.6,9.2,6.2,2.5,-1.3,-4.9,-7.8,-9.8,-10.2,-9.9,-10.5,-11.7,-13.2,-14.8,-16.2,-17.3,-18.1,-17.9,-15.5,-9.5,-1.8,3.7,8.5,8.7,11.3,24.2,42.3,47.8,48.0,46.9
