dist/data/20160925_400.json
{"header": { "discipline":0, "disciplineName":"Meteorological products", "gribEdition":2, "gribLength":72955, "center":7, "centerName":"US National Weather Service - NCEP(WMC)", "subcenter":0, "refTime":"2016-09-25T00:00:00.000Z", "significanceOfRT":1, "significanceOfRTName":"Start of forecast", "productStatus":0, "productStatusName":"Operational products", "productType":1, "productTypeName":"Forecast products", "productDefinitionTemplate":0, "productDefinitionTemplateName":"Analysis/forecast at horizontal level/layer at a point in time", "parameterCategory":2, "parameterCategoryName":"Momentum", "parameterNumber":2, "parameterNumberName":"U-component_of_wind", "parameterUnit":"m.s-1", "genProcessType":2, "genProcessTypeName":"Forecast", "forecastTime":0, "surface1Type":100, "surface1TypeName":"Isobaric surface", "surface1Value":40000.0, "surface2Type":255, "surface2TypeName":"Missing", "surface2Value":0.0, "gridDefinitionTemplate":0, "gridDefinitionTemplateName":"Latitude_Longitude", "numberPoints":65160, "shape":6, "shapeName":"Earth spherical with radius of 6,371,229.0 m", "gridUnits":"degrees", "resolution":48, "winds":"true", "scanMode":0, "nx":360, "ny":181, "basicAngle":0, "subDivisions":0, "lo1":0.0, "la1":90.0, "lo2":359.0, "la2":-90.0, "dx":1.0, "dy":1.0 }, "data":
[rows 105 to 139 of 181, columns 0 to 78 of 360]
3.67,4.3,4.58,5.45,7.05,7.32,8.2,10.2,10.82,10.83,10.83,10.46,9.92,9.65,7.5,7.86,8.31,8.49,7.49,5.65,3.96,4.67,3.16,4.16,3.27,3.35,4.85,3.95,4.33,5.5,3.43,3.52,4.06,4.15,4.56,3.92,5.37,5.01,4.24,4.76,5.02,5.62,6.05,5.72,5.16,4.78,4.05,3.28,3.58,3.78,2.69,2.35,1.42,1.21,1.32,1.47,2.04,2.25,2.01,1.68,1.17,0.61,0.48,1.14,1.39,1.8,2.18,2.2,2.04,2.0,2.0,1.55,1.34,1.6,1.96,2.62,3.63,4.67,5.45
5.58,6.06,6.8,7.68,8.93,9.26,9.34,9.93,11.23,10.46,10.42,10.86,10.44,10.09,10.2,9.86,10.32,8.16,7.49,5.82,4.84,3.51,3.57,5.36,4.33,4.41,4.43,4.85,4.38,4.68,5.26,5.18,5.33,5.41,5.72,5.58,6.12,6.91,7.17,6.51,6.34,6.68,6.94,7.4,7.69,7.18,6.48,6.19,5.25,5.27,4.75,4.26,3.61,3.34,3.06,2.88,2.72,2.57,2.91,3.11,2.96,2.29,2.11,1.96,2.2,2.16,2.32,2.15,2.14,1.95,1.48,1.15,1.23,1.58,2.29,3.23,4.24,5.16,5.95
8.19,8.76,9.64,9.73,10.78,10.59,10.16,9.48,9.68,8.68,8.76,9.72,9.71,9.56,8.97,8.63,8.6,7.32,6.44,4.39,4.2,5.21,4.97,6.65,5.26,4.4,3.16,2.99,2.37,2.67,3.89,3.97,4.31,4.19,4.68,6.12,7.63,8.35,9.27,9.76,9.1,7.84,8.21,8.83,9.0,8.81,9.1,8.82,7.6,7.79,7.48,6.91,6.13,5.22,5.02,4.63,4.71,4.63,4.48,4.72,4.78,4.44,4.21,3.9,3.44,3.26,2.91,2.79,2.33,2.05,1.64,1.47,1.73,2.39,3.21,4.29,5.39,6.39,7.25
10.39,11.07,11.5,11.57,12.07,11.37,10.08,8.17,6.73,6.17,7.24,7.63,8.04,7.72,6.85,6.7,7.27,5.85,5.14,4.57,4.13,3.79,4.29,1.34,1.79,2.31,3.08,2.69,1.09,0.65,0.25,1.11,0.47,-0.02,1.0,1.74,2.82,4.29,6.06,8.06,9.78,9.84,9.29,8.77,9.02,9.43,10.31,10.87,10.8,10.46,10.1,9.74,9.18,8.64,7.45,6.52,6.23,6.13,6.25,6.59,6.39,6.41,5.88,5.41,5.09,4.74,4.05,3.3,2.76,2.08,1.76,1.97,2.38,2.74,3.5,4.25,5.05,6.09,7.24
11.52,11.95,12.14,12.73,12.82,11.97,8.15,6.91,6.11,6.86,7.53,6.83,6.2,6.35,6.29,6.51,8.07,5.97,5.22,2.75,1.69,1.69,0.43,2.24,1.54,-0.1,-1.92,-2.19,-0.46,-0.64,0.24,1.12,0.7,0.69,1.17,1.62,2.49,3.79,5.13,5.5,6.07,7.58,8.84,9.86,10.77,9.7,11.14,10.51,11.14,12.09,12.43,12.36,12.02,11.72,11.01,10.17,9.36,8.75,8.03,7.41,7.04,6.48,6.26,6.29,6.22,5.77,4.71,3.8,3.11,2.41,2.03,2.26,2.08,2.4,2.63,3.14,3.99,5.13,6.45
11.68,11.58,11.79,12.41,12.77,11.4,6.22,5.84,6.16,5.72,5.34,5.59,6.07,7.38,9.57,9.8,8.24,8.13,3.5,1.63,0.98,1.3,0.46,-1.78,-1.48,-0.51,0.34,0.53,-0.87,-1.29,-2.03,-1.41,-1.66,-0.87,-1.0,-1.06,-0.45,0.44,1.08,2.7,5.25,7.51,8.54,8.83,9.7,11.84,12.1,12.15,12.86,12.5,12.8,13.03,13.41,13.41,13.1,12.59,11.46,10.29,9.16,7.89,6.72,5.82,5.62,5.74,5.98,5.62,4.44,3.81,3.12,2.89,2.78,2.43,2.0,2.03,1.9,2.15,2.91,4.07,5.06
11.93,11.54,11.22,12.13,12.21,9.68,5.94,5.53,4.3,4.05,3.8,3.86,6.32,9.4,10.79,11.12,10.46,7.77,2.39,1.7,0.66,-1.39,-1.49,-0.31,0.63,-0.71,-1.21,-2.44,-1.5,-0.29,-0.37,0.31,0.48,1.06,1.9,2.76,2.62,3.04,3.32,3.5,3.84,4.72,6.48,8.9,11.09,11.07,11.94,14.07,13.96,13.93,13.83,13.69,13.15,12.95,12.41,11.68,10.38,8.91,7.4,5.79,4.43,4.32,4.78,5.44,5.97,5.73,4.78,4.07,3.78,3.75,3.11,2.22,1.9,1.35,1.03,1.06,1.48,2.24,2.67
12.83,12.28,11.38,11.73,12.02,8.28,5.98,4.33,3.25,2.37,2.12,1.67,1.59,2.95,5.95,8.17,7.78,5.39,1.4,0.78,-0.95,-0.62,0.82,1.63,0.85,-1.28,0.34,1.03,1.13,2.11,1.56,2.41,2.26,3.96,4.8,5.32,5.19,5.76,5.76,5.98,5.84,5.94,6.53,7.17,8.86,11.3,12.78,13.1,14.33,15.43,15.39,14.97,14.71,13.98,12.97,11.78,10.74,9.28,8.27,6.64,5.82,5.81,6.26,6.8,7.0,6.69,6.32,5.54,5.27,4.91,3.84,2.51,1.68,1.24,0.65,0.07,-0.11,0.13,0.44
14.02,13.02,11.29,10.75,10.99,7.38,5.88,4.62,4.04,3.64,2.63,1.6,1.2,0.13,-0.45,0.48,0.21,1.02,-0.48,-0.48,0.2,1.55,2.36,1.27,1.47,1.72,1.7,3.22,3.74,2.84,4.49,2.36,4.39,5.92,6.79,6.74,7.72,8.43,8.5,8.41,8.42,7.67,7.8,8.64,9.53,10.49,12.17,13.78,15.06,15.53,16.66,16.71,16.33,15.75,14.77,13.61,12.37,11.22,9.86,8.7,7.83,7.55,7.85,8.45,8.8,8.66,8.27,7.47,6.98,6.37,4.87,3.36,2.6,1.94,1.02,-0.31,-1.22,-1.47,-1.09
15.5,13.71,11.18,9.61,9.19,6.51,6.3,5.89,5.94,5.6,5.01,4.27,3.54,3.28,2.18,-1.27,-1.81,-2.1,-0.22,2.85,2.8,2.02,1.85,2.07,3.36,2.95,1.64,0.44,1.67,1.15,3.62,6.5,6.83,6.94,9.22,10.8,10.94,11.86,12.52,12.57,12.39,11.84,10.76,10.25,11.09,12.1,13.26,13.58,14.35,16.03,16.93,17.5,18.19,17.73,16.94,15.74,14.48,13.11,12.04,10.64,9.69,9.53,9.88,10.13,10.58,10.42,10.03,9.23,8.66,8.08,6.77,5.34,4.2,3.18,1.99,0.26,-1.41,-2.1,-1.85
17.04,14.52,11.41,9.19,8.2,6.34,6.65,6.52,6.93,6.98,6.84,6.72,6.6,5.91,5.12,3.63,3.49,3.14,4.51,3.64,1.48,1.54,1.8,2.06,1.53,1.18,1.61,2.54,4.23,4.58,4.24,7.29,9.37,9.94,11.28,11.85,13.49,14.81,16.02,16.49,16.62,16.78,16.18,15.35,14.27,14.27,14.74,15.96,16.65,16.17,16.61,17.9,18.45,19.12,19.04,18.28,17.09,15.73,14.39,13.26,11.72,11.06,11.18,11.91,12.35,12.27,11.78,11.08,10.22,9.72,8.77,7.46,6.31,4.96,3.43,1.49,-0.48,-1.79,-2.0
19.23,16.16,12.22,9.76,8.62,6.78,6.96,6.74,7.23,7.2,7.47,8.0,8.13,7.87,7.01,5.01,4.3,4.27,3.03,1.06,0.89,1.69,1.56,2.45,2.65,3.8,5.11,5.97,7.49,8.6,8.64,10.22,10.36,11.32,13.26,13.52,14.45,15.72,17.43,18.74,19.53,20.01,20.15,19.82,19.5,18.84,17.98,17.84,18.51,19.39,19.0,18.24,18.65,19.28,19.39,20.02,19.37,18.11,16.67,15.51,14.14,12.89,12.61,13.14,13.95,14.06,13.54,12.75,11.99,11.3,10.58,9.58,8.36,7.04,5.4,3.51,1.32,-0.42,-1.26
21.58,18.72,13.76,11.29,9.77,7.63,7.46,7.05,6.79,7.19,7.27,7.14,6.61,5.82,4.96,4.41,4.43,2.83,2.46,2.36,2.23,2.91,3.86,5.45,6.91,7.76,8.44,9.49,10.75,12.34,12.85,13.99,14.52,15.49,16.51,17.07,17.73,18.45,19.52,19.85,21.16,22.17,22.51,22.79,23.28,23.0,22.27,21.28,20.78,21.07,21.84,21.43,20.23,19.72,20.01,19.63,20.15,20.34,19.03,17.54,16.44,15.09,14.37,14.59,15.35,15.68,15.2,14.38,13.69,13.17,12.66,11.93,10.73,9.31,7.83,6.11,3.99,1.95,0.56
23.54,21.21,16.42,13.47,11.22,9.06,8.1,7.48,6.92,6.37,5.65,5.44,5.12,4.43,3.23,3.38,2.64,3.08,3.66,4.37,5.41,7.1,8.57,9.45,10.74,10.91,11.82,12.44,13.62,14.65,16.72,17.79,18.74,19.82,21.01,21.59,22.59,22.92,22.32,21.96,22.31,23.05,23.61,24.9,25.54,25.78,25.63,25.08,23.83,22.81,22.85,23.44,23.11,21.72,21.0,20.84,20.42,20.29,20.62,20.04,18.6,17.68,16.76,16.4,16.7,17.08,16.77,16.1,15.29,14.78,14.49,14.22,13.45,12.1,10.51,8.8,7.03,5.08,3.4
25.3,23.37,19.15,15.5,13.3,11.02,9.24,8.5,7.48,5.78,4.66,3.91,3.28,2.88,2.76,2.83,3.62,4.9,6.38,8.39,9.43,10.45,11.31,12.35,13.87,14.58,15.69,16.74,17.73,18.23,20.19,21.47,22.51,23.64,24.97,26.23,26.51,25.71,25.15,25.39,26.22,26.66,27.38,27.62,28.07,28.1,27.83,27.42,26.44,25.1,23.95,23.73,23.92,23.83,22.87,22.37,22.09,21.72,21.11,21.27,20.67,19.85,19.29,18.87,18.65,18.57,18.33,17.7,17.01,16.3,16.01,16.03,15.9,15.17,13.69,11.85,10.0,8.44,6.89
26.43,25.28,21.21,17.69,15.73,13.49,11.42,10.09,8.9,7.33,5.92,4.92,4.41,4.28,4.44,5.08,6.4,7.74,9.8,11.27,12.57,13.67,14.3,15.6,16.26,17.3,18.1,19.13,20.28,22.17,23.55,25.16,26.62,27.88,28.48,28.6,29.22,30.07,30.85,31.36,31.63,31.74,31.44,31.04,30.15,29.17,28.9,28.55,27.48,26.54,24.72,24.27,24.09,24.34,24.91,25.04,24.34,23.94,23.32,22.43,22.25,21.81,21.19,20.99,20.91,20.66,20.21,19.58,18.73,17.93,17.43,17.42,17.59,17.47,16.87,15.44,13.49,11.75,10.64
26.96,26.7,23.2,19.75,18.26,16.3,14.15,12.49,11.15,10.04,9.18,8.57,8.09,7.84,8.16,8.96,10.1,11.45,12.48,14.01,14.97,16.08,15.81,16.53,16.7,17.86,19.51,21.53,23.57,25.89,27.55,28.63,29.27,30.08,31.51,33.32,34.28,34.71,35.36,35.71,35.57,35.2,34.43,33.28,31.81,30.62,29.68,29.34,29.1,28.3,27.69,28.42,27.56,27.39,27.33,27.37,27.85,26.94,25.91,24.87,23.77,23.12,23.2,22.59,22.25,22.05,21.76,21.1,20.3,19.51,18.81,18.43,18.44,18.65,18.65,18.24,17.15,15.45,14.09
27.73,27.29,24.91,21.43,20.5,19.15,17.09,15.26,13.6,12.66,11.94,11.6,11.45,11.49,11.69,12.13,12.91,14.02,15.16,16.24,16.16,16.61,16.9,18.17,19.85,21.96,23.85,25.58,27.6,28.53,29.28,31.01,32.78,34.33,35.09,35.94,37.74,39.47,39.24,38.72,38.09,36.95,35.87,34.2,32.46,31.42,30.79,30.27,30.63,30.69,30.93,31.45,31.92,32.32,28.42,25.08,27.06,28.68,28.82,27.69,26.21,25.11,24.02,24.0,23.69,23.09,22.65,22.25,21.52,20.77,20.01,19.35,19.07,19.17,19.37,19.6,19.54,18.91,17.8
28.49,27.72,25.97,22.92,21.87,21.41,19.85,18.2,16.4,15.17,14.43,14.06,14.02,14.26,14.68,15.29,16.04,16.69,17.12,17.39,18.57,19.6,20.85,22.29,24.5,26.52,27.91,28.26,29.28,31.31,33.57,34.87,35.73,36.15,37.82,39.96,40.76,39.9,38.9,37.13,36.02,35.8,34.88,33.47,31.82,30.49,30.46,30.58,31.28,31.77,32.39,33.16,34.15,35.28,35.96,34.38,26.91,27.63,29.5,30.41,29.38,27.63,26.2,25.09,24.53,24.47,23.92,23.27,22.92,22.49,21.84,21.07,20.37,20.06,20.09,20.37,20.72,20.9,20.79
29.43,28.39,26.41,23.98,22.6,22.57,21.87,20.78,19.43,18.04,17.14,16.76,16.82,17.3,17.97,18.67,19.05,19.36,19.94,20.82,21.88,23.15,24.5,26.34,28.23,29.55,30.06,31.55,33.69,35.51,36.09,36.7,37.74,39.68,40.74,40.11,37.84,35.64,35.11,35.14,34.06,33.39,32.51,31.19,30.24,29.57,29.78,29.97,30.34,30.99,31.78,32.75,34.17,35.83,37.11,37.5,36.39,29.19,26.46,30.77,31.15,30.76,29.1,27.07,25.99,25.58,25.65,25.71,25.18,24.49,23.95,23.4,22.83,22.12,21.73,21.69,21.72,21.95,22.22
32.02,28.51,26.84,24.65,23.28,23.35,23.15,22.5,21.82,21.1,20.45,20.2,20.33,20.87,21.55,22.09,22.41,23.12,24.01,24.76,25.37,26.35,27.99,30.06,31.05,31.84,33.51,35.5,36.33,36.81,37.69,38.88,39.84,39.56,38.37,36.76,35.12,33.72,32.66,32.22,31.93,31.02,30.3,29.77,28.83,27.76,28.12,27.97,28.62,29.3,29.91,31.02,32.5,33.14,33.56,34.5,35.34,35.23,31.76,22.45,26.49,30.96,31.77,30.57,28.75,27.52,27.17,27.42,27.85,27.93,27.31,26.54,25.87,25.27,24.72,24.23,23.93,23.8,23.77
33.44,28.39,26.9,25.46,24.14,24.1,24.33,23.94,23.55,23.4,23.52,23.8,24.46,24.82,25.5,26.06,26.62,26.98,27.03,27.22,27.95,29.55,30.96,31.66,32.73,34.41,35.92,36.67,37.15,38.04,38.92,39.14,38.53,37.85,37.28,36.82,36.38,35.62,34.62,33.16,31.62,30.65,29.62,28.65,27.88,26.96,26.77,27.19,27.43,27.28,27.55,28.27,28.32,27.26,26.7,27.33,29.08,32.28,34.79,34.54,26.32,26.43,29.64,31.08,31.58,30.65,29.79,29.12,29.03,29.54,29.99,30.04,29.77,29.21,28.58,27.94,27.27,26.73,26.32
31.25,28.17,25.68,25.41,24.8,24.79,25.24,25.83,25.51,25.51,26.03,26.91,28.1,28.47,28.85,29.0,28.76,28.45,28.49,29.25,30.52,31.38,31.48,33.05,34.67,35.41,35.81,36.11,36.82,37.46,37.64,38.21,39.12,39.63,39.99,40.5,40.71,40.21,39.0,37.21,35.02,33.22,31.49,30.11,29.02,28.28,28.03,28.1,27.29,26.54,26.12,25.29,24.23,23.82,23.96,23.97,25.29,27.28,30.73,33.84,37.82,34.66,28.3,31.11,33.92,33.87,32.48,31.81,31.35,31.2,31.47,31.9,32.14,32.24,32.02,31.51,30.89,30.27,29.69
27.6,25.73,23.62,23.87,25.27,24.64,24.96,25.99,27.47,27.86,27.91,28.4,29.33,29.63,29.61,29.17,28.76,29.08,30.15,31.01,31.02,31.8,32.95,34.08,34.25,33.83,34.03,34.62,35.19,36.98,39.14,40.52,41.76,43.03,44.02,44.82,45.34,45.19,43.95,41.45,38.6,34.51,33.57,33.17,32.39,30.66,29.96,29.08,27.78,26.59,25.15,24.33,23.3,23.06,23.51,22.9,23.27,24.76,27.58,31.34,34.69,39.06,43.75,36.48,31.18,35.08,35.59,34.22,33.73,33.07,32.91,33.3,33.53,33.5,33.36,33.23,33.01,32.7,32.4
24.01,21.54,18.21,20.56,23.23,24.74,24.22,24.82,26.08,27.89,29.21,29.51,29.84,29.46,29.01,29.05,29.84,30.79,31.03,31.28,31.87,32.77,33.06,32.33,31.78,31.73,32.38,34.6,37.1,38.81,40.67,42.54,44.02,45.34,47.11,49.03,50.63,50.89,49.84,46.66,42.79,38.86,31.47,30.65,31.94,32.43,31.1,29.0,27.68,26.8,25.31,23.8,23.27,23.32,24.2,23.57,23.41,24.12,25.28,27.21,31.21,36.55,41.28,46.16,46.0,36.32,35.43,38.44,37.01,35.37,34.8,34.66,34.9,35.32,35.45,35.23,35.1,35.09,35.06
20.73,18.37,17.16,17.98,19.46,21.81,23.82,23.93,24.23,25.53,26.68,27.66,28.24,28.96,29.82,30.57,31.01,31.39,31.86,32.13,32.65,32.13,30.87,30.04,29.81,31.71,34.38,36.43,38.22,39.93,41.23,42.52,44.22,46.05,47.26,47.76,48.39,49.72,51.55,51.36,48.1,43.61,39.44,32.66,32.59,31.72,31.14,30.4,27.35,26.91,25.71,23.69,23.23,23.02,24.95,25.18,25.11,26.19,26.22,26.6,27.11,28.85,33.06,39.09,45.94,48.79,41.73,35.03,36.7,39.24,37.71,36.23,35.62,35.49,35.97,36.99,37.88,37.98,37.89
17.82,17.9,15.5,14.95,16.55,15.92,20.51,24.69,26.4,26.67,27.08,28.26,29.46,30.61,30.99,31.55,32.11,32.33,32.42,32.4,31.18,30.03,29.08,29.48,31.86,34.0,35.68,37.53,38.75,39.68,40.86,42.52,44.34,45.79,46.64,46.66,45.83,45.49,46.69,48.25,50.1,48.43,43.41,39.38,33.67,33.75,34.79,34.67,27.51,26.81,25.42,23.62,23.12,22.5,23.43,24.62,25.3,26.52,27.11,26.7,26.25,26.13,27.56,29.59,33.72,41.99,47.73,44.1,34.36,32.27,36.36,38.94,36.98,36.82,37.77,37.84,37.02,36.96,37.72
16.52,18.48,14.58,11.23,14.08,14.62,17.25,20.26,24.42,28.94,30.92,31.68,31.89,31.59,31.56,31.72,31.98,31.61,30.89,29.89,29.29,28.85,29.74,31.79,33.58,35.21,36.95,38.28,39.41,40.74,42.26,44.28,46.11,47.07,46.81,45.48,43.8,41.78,40.95,41.96,44.81,47.28,45.22,40.68,36.97,31.64,33.42,36.33,29.46,26.38,24.35,22.8,22.24,22.05,21.7,23.48,24.27,25.61,26.15,25.77,25.64,25.63,26.11,26.25,27.25,29.32,35.35,43.8,47.46,41.45,37.66,35.17,37.22,40.08,41.01,42.12,43.25,44.13,44.5
16.25,19.84,15.36,10.0,11.65,12.68,16.15,18.88,20.92,23.4,25.56,26.97,27.91,28.57,29.3,29.07,28.59,28.69,28.57,28.55,28.79,29.91,31.65,33.27,35.08,36.92,38.3,39.66,41.04,42.31,44.24,46.19,47.53,47.15,45.54,42.54,39.46,36.39,33.94,33.75,35.35,38.66,40.99,38.99,34.84,31.6,29.48,33.56,30.74,27.4,25.19,22.98,21.88,21.66,21.81,23.12,23.67,25.38,25.89,26.11,25.38,25.56,25.87,25.64,25.95,26.05,26.36,29.7,36.06,42.87,47.25,47.64,45.35,41.99,41.74,44.88,48.22,50.35,51.54
15.75,20.73,17.59,10.47,8.66,8.4,12.16,15.69,15.98,17.22,18.9,20.84,22.76,24.42,25.46,26.42,26.93,27.06,27.72,28.52,29.54,30.99,32.65,34.66,36.49,37.81,38.93,39.95,41.06,42.84,45.1,46.77,47.24,45.36,41.48,36.99,33.37,29.42,26.21,25.26,25.88,28.18,32.22,33.67,31.47,28.2,23.73,29.59,29.54,27.97,26.62,24.69,23.34,22.4,21.91,22.1,23.13,24.72,26.18,26.59,26.53,26.59,26.13,25.85,25.57,25.69,26.48,27.51,28.16,30.77,35.24,39.32,43.12,45.36,47.15,48.43,48.82,48.76,48.86
14.44,19.37,21.57,16.23,11.14,9.16,10.82,14.28,15.1,16.34,18.66,20.54,22.33,23.9,24.81,25.21,25.84,27.02,28.09,28.64,30.03,31.91,33.78,35.44,36.5,36.98,37.54,38.47,40.04,42.16,44.24,45.29,43.83,39.67,34.5,30.69,27.12,23.58,20.44,19.33,19.35,20.98,24.2,26.67,27.36,25.23,23.35,25.19,28.5,28.06,28.66,27.5,26.27,25.06,23.89,22.55,21.84,22.5,23.98,25.77,26.97,27.34,27.41,26.99,26.15,26.25,27.37,29.08,29.95,30.58,31.4,32.65,33.9,36.3,38.99,41.08,42.72,44.25,45.63
13.47,16.03,21.08,23.27,20.85,17.86,17.33,16.86,19.5,23.13,23.24,24.47,25.35,25.07,24.65,25.49,27.22,28.38,28.29,29.21,31.06,32.79,34.24,34.84,34.87,35.05,35.61,36.76,38.32,40.44,41.99,40.63,36.35,31.49,27.9,24.93,22.52,19.66,17.37,16.53,16.32,17.17,19.11,21.63,23.92,22.68,23.55,23.92,25.86,27.61,28.59,29.26,28.79,28.35,27.43,26.02,24.03,23.03,23.2,24.57,25.96,27.09,27.55,27.58,27.46,27.39,27.72,29.0,30.73,32.01,33.23,34.48,35.6,36.42,37.17,38.22,39.78,41.25,42.93
12.57,15.02,17.19,20.43,23.24,24.61,26.01,26.64,26.5,26.29,26.86,26.65,25.41,25.81,27.31,28.63,28.85,28.53,29.26,30.77,32.31,33.55,33.78,33.49,33.42,33.75,34.34,35.45,37.27,38.89,37.65,33.33,28.68,25.32,22.62,20.68,18.83,16.95,15.52,15.28,15.24,15.31,15.43,17.72,21.37,21.49,24.65,26.47,25.12,25.8,26.8,27.95,28.9,30.25,30.08,28.15,25.9,24.15,23.12,23.61,24.58,25.42,26.07,26.65,26.95,27.28,27.71,28.61,29.67,30.85,32.1,33.68,35.24,36.59,38.08,39.56,40.91,42.19,43.32
12.25,14.31,16.64,19.39,21.37,23.63,26.07,27.92,28.54,27.9,26.52,25.13,25.51,26.43,27.45,28.24,29.12,30.27,31.52,32.72,33.46,33.46,32.95,32.7,32.84,33.2,33.51,35.19,36.66,35.71,31.41,26.96,23.8,21.32,18.74,17.11,15.34,14.07,13.46,13.53,14.01,14.24,13.77,13.65,17.75,22.66,24.19,25.92,25.28,22.84,24.48,27.33,28.25,28.74,28.85,28.08,26.79,25.83,24.82,24.04,24.21,24.23,24.43,24.87,25.41,25.87,26.28,26.79,27.35,27.92,28.73,29.84,30.61,31.88,33.31,34.45,35.72,36.95,37.86
11.69,13.53,15.61,17.87,19.77,21.51,22.98,23.8,22.65,22.09,23.34,25.19,26.16,26.97,28.06,29.55,31.09,32.49,33.3,33.37,33.11,32.7,32.37,32.21,32.23,32.17,32.87,34.47,33.37,29.72,25.21,22.16,19.71,17.38,15.1,13.55,12.33,11.69,11.74,11.92,12.38,13.13,13.63,13.1,13.02,18.12,22.43,25.08,25.91,22.48,21.66,24.43,30.05,29.95,29.07,28.52,27.5,26.12,25.27,25.34,24.52,23.43,23.2,23.54,24.02,24.28,24.44,24.85,25.42,25.14,26.47,26.91,27.79,28.87,30.09,31.24,32.2,32.87,33.16
