dist/data/20160925_500.json
{"header": { "discipline":0, "disciplineName":"Meteorological products", "gribEdition":2, "gribLength":73132, "center":7, "centerName":"US National Weather Service - NCEP(WMC)", "subcenter":0, "refTime":"2016-09-25T00:00:00.000Z", "significanceOfRT":1, "significanceOfRTName":"Start of forecast", "productStatus":0, "productStatusName":"Operational products", "productType":1, "productTypeName":"Forecast products", "productDefinitionTemplate":0, "productDefinitionTemplateName":"Analysis/forecast at horizontal level/layer at a point in time", "parameterCategory":2, "parameterCategoryName":"Momentum", "parameterNumber":2, "parameterNumberName":"U-component_of_wind", "parameterUnit":"m.s-1", "genProcessType":2, "genProcessTypeName":"Forecast", "forecastTime":0, "surface1Type":100, "surface1TypeName":"Isobaric surface", "surface1Value":50000.0, "surface2Type":255, "surface2TypeName":"Missing", "surface2Value":0.0, "gridDefinitionTemplate":0, "gridDefinitionTemplateName":"Latitude_Longitude", "numberPoints":65160, "shape":6, "shapeName":"Earth spherical with radius of 6,371,229.0 m", "gridUnits":"degrees", "resolution":48, "winds":"true", "scanMode":0, "nx":360, "ny":181, "basicAngle":0, "subDivisions":0, "lo1":0.0, "la1":90.0, "lo2":359.0, "la2":-90.0, "dx":1.0, "dy":1.0 }, "data":
[rows 105 to 139 of 181, columns 158 to 236 of 360]
9.38,9.39,9.21,8.99,8.75,9.16,9.76,9.98,10.41,9.22,9.62,10.06,9.83,10.16,10.22,9.77,10.04,9.7,9.02,8.2,7.81,7.95,7.91,7.7,7.13,6.95,7.21,7.05,6.99,6.69,6.41,5.93,5.86,4.73,4.89,4.34,3.62,3.22,2.44,1.81,1.27,0.94,0.41,0.55,1.35,1.36,0.69,0.04,-0.33,-0.47,-0.58,-0.77,-0.31,-0.9,-0.76,0.03,0.96,1.62,1.85,2.7,3.76,5.08,5.85,6.67,5.17,8.26,7.18,5.39,4.61,4.36,3.66,3.41,3.47,2.99,2.03,1.46,1.63,1.49,1.45
8.31,8.63,8.77,8.54,8.18,8.13,8.65,9.22,9.83,10.36,9.97,10.68,10.95,11.23,11.57,11.59,11.47,11.57,11.61,11.89,12.02,11.65,10.85,10.49,10.02,9.68,9.16,8.65,9.06,9.59,9.26,8.74,8.41,7.17,7.29,7.29,6.25,5.36,4.9,4.35,3.57,3.04,2.48,2.12,1.95,2.02,2.0,1.98,1.7,0.52,0.59,0.31,1.05,1.06,0.74,1.08,1.64,2.1,1.89,1.94,1.98,2.89,4.56,5.4,4.63,4.42,5.02,3.73,3.59,3.61,3.22,3.2,3.3,3.24,3.36,3.49,3.47,3.5,2.87
7.97,8.56,9.02,9.03,8.85,8.61,8.85,9.28,9.38,9.7,10.31,10.4,10.81,11.27,11.85,11.77,12.19,12.19,12.3,12.72,13.66,13.67,14.09,14.11,13.92,13.55,12.9,12.29,11.31,10.52,11.39,11.66,11.44,11.27,10.56,10.32,9.61,8.67,7.83,7.25,6.52,5.5,4.83,4.02,3.45,3.1,2.36,2.04,2.24,1.88,1.72,1.93,2.61,2.41,1.74,1.9,2.23,2.05,2.1,2.01,1.98,1.86,2.57,3.6,3.85,3.68,2.71,2.86,3.31,3.58,3.38,3.46,3.83,3.92,4.19,4.35,4.18,4.73,3.81
9.45,9.81,10.12,10.18,10.04,9.8,9.4,9.36,9.58,10.01,10.03,10.6,10.68,11.04,11.4,11.57,11.16,11.63,11.96,13.01,13.5,13.41,13.81,14.67,15.42,15.98,16.11,15.92,14.72,14.4,13.33,12.25,13.07,13.54,13.7,13.67,13.36,12.3,11.54,10.15,9.21,8.51,7.93,6.92,5.8,5.16,4.36,3.41,2.59,2.52,2.81,2.9,3.07,3.32,3.59,3.39,3.26,3.7,3.61,3.11,3.03,2.94,2.78,2.88,3.58,3.98,4.41,4.79,5.23,5.19,4.88,4.72,5.03,5.32,5.33,5.14,4.81,4.65,4.06
11.17,11.69,11.84,11.92,11.99,12.04,12.0,12.22,11.73,12.31,12.94,13.26,13.22,13.75,13.76,14.1,14.52,14.17,14.26,14.59,14.32,13.93,14.1,14.05,13.98,14.57,15.83,17.06,18.05,17.88,16.86,17.17,14.71,12.55,14.46,16.39,16.08,16.01,14.85,13.92,12.82,12.02,11.35,10.38,9.33,7.91,6.7,5.6,4.66,4.03,3.74,3.88,4.45,4.93,4.31,4.18,4.24,4.82,5.26,4.83,4.05,4.05,4.11,4.25,4.48,4.73,5.08,5.7,6.26,6.58,6.72,6.64,6.77,6.81,6.74,6.71,6.72,6.86,7.26
14.5,14.53,14.6,14.87,14.95,15.02,15.16,15.24,15.68,15.92,16.18,16.76,17.28,17.69,17.44,17.53,17.43,17.38,17.24,16.94,17.09,16.44,16.46,16.06,15.87,15.45,14.95,15.46,16.88,18.61,19.82,20.07,18.18,19.02,17.72,14.33,16.59,18.2,18.15,17.22,16.04,15.33,14.88,14.01,12.9,11.3,9.87,8.51,7.43,6.52,6.01,5.94,5.99,5.88,5.71,5.63,5.86,6.22,6.48,6.56,6.09,5.47,5.54,5.69,5.95,6.34,6.52,6.86,7.3,7.59,7.53,7.37,7.46,7.76,8.36,8.95,9.17,9.37,9.68
18.3,17.84,17.86,18.12,18.44,18.58,18.78,19.12,19.3,19.76,20.11,20.52,20.75,21.1,21.35,21.47,21.48,21.16,20.82,20.29,19.81,18.97,18.48,18.59,18.4,17.89,17.52,17.33,17.57,18.49,19.79,20.77,21.42,20.96,19.01,20.76,20.97,19.1,18.79,19.55,19.36,18.37,17.61,16.72,15.8,14.86,13.46,12.05,10.76,9.6,8.8,8.24,8.29,8.06,7.79,7.75,8.2,8.04,8.11,8.27,8.29,7.83,7.12,7.13,7.54,8.03,8.35,8.38,8.45,8.62,8.87,9.24,9.65,10.11,10.39,10.65,10.96,11.18,11.45
22.52,22.11,21.92,21.81,21.86,22.21,22.72,23.29,23.83,23.38,23.6,24.07,24.37,24.73,24.92,25.04,24.94,24.76,24.29,23.64,22.87,22.2,20.94,20.35,20.49,20.44,20.47,20.27,20.01,19.97,20.4,21.6,22.46,22.78,22.84,22.13,22.36,22.72,23.17,21.9,20.59,20.28,20.07,18.91,18.14,17.29,16.31,15.15,13.85,12.66,11.65,10.79,10.25,9.85,9.89,9.86,10.14,10.3,10.01,10.33,10.54,10.17,9.58,8.93,8.78,9.72,10.49,10.73,10.76,10.78,10.68,10.7,10.75,10.98,11.28,11.43,11.55,11.9,12.36
24.79,24.48,24.42,24.46,24.55,24.66,24.87,25.19,25.55,25.9,26.25,26.82,27.22,27.49,27.66,27.89,28.01,27.93,27.63,27.06,26.16,25.06,23.88,22.85,22.26,22.49,22.63,22.64,22.5,21.93,21.62,21.95,22.59,23.02,23.02,23.03,23.41,24.37,24.43,23.88,24.03,22.67,21.56,21.3,20.53,19.59,18.83,17.76,16.69,15.8,14.65,13.7,12.64,12.03,11.6,11.86,12.63,12.72,11.64,12.39,12.65,12.22,11.84,11.27,11.03,11.4,12.22,12.94,12.92,12.8,12.81,12.72,12.56,12.62,12.51,12.37,12.53,12.88,13.28
26.95,25.85,25.78,25.75,25.75,25.82,26.03,26.33,26.66,27.29,28.14,28.89,29.48,30.22,30.8,31.12,31.45,30.98,30.61,29.99,28.98,27.62,26.68,25.66,24.79,24.41,24.28,24.15,23.63,22.87,22.12,21.96,22.54,22.64,22.44,21.91,21.54,21.95,23.92,26.23,26.37,24.7,23.65,22.77,22.47,22.25,21.51,20.57,19.46,18.44,17.55,16.53,15.38,14.75,14.12,14.25,14.29,14.87,14.38,13.92,14.44,14.25,13.62,13.08,12.92,12.96,13.45,14.25,14.66,14.16,13.44,13.71,14.18,14.73,14.82,14.84,14.99,15.01,15.19
28.59,27.33,26.81,26.34,26.24,26.22,26.45,26.94,27.59,28.67,30.02,31.28,32.6,33.44,34.06,34.29,34.23,33.53,32.85,31.77,30.56,29.24,28.38,27.96,27.21,26.36,25.67,24.74,23.97,23.14,22.48,22.2,22.92,23.67,23.33,22.75,22.52,22.71,23.13,23.75,24.96,27.11,27.64,25.17,23.48,22.79,23.21,22.72,21.77,20.92,19.97,19.03,17.85,17.32,17.31,16.76,16.82,17.26,17.14,16.47,16.61,16.3,15.82,15.27,15.4,15.29,15.07,15.17,15.47,15.76,15.65,15.63,15.89,15.78,15.85,16.24,16.43,16.71,17.19
28.94,28.14,27.14,26.22,25.53,25.2,25.47,26.2,27.27,28.62,30.16,31.75,33.01,34.03,34.61,34.15,33.76,32.79,31.76,30.91,29.95,29.2,28.59,28.3,27.89,27.01,26.04,25.28,24.2,23.39,22.79,23.29,24.42,24.56,23.94,23.76,24.32,24.81,24.94,24.78,24.67,24.28,24.32,26.56,28.39,27.2,24.1,23.03,22.6,21.97,21.42,20.52,19.87,19.38,19.68,20.01,19.91,20.2,19.74,18.74,17.83,17.92,18.09,18.08,18.09,16.41,15.29,14.5,13.47,12.7,12.55,12.47,12.69,13.82,14.68,15.03,15.35,16.05,16.51
29.25,28.4,27.79,26.97,26.39,26.04,25.92,26.31,27.18,28.3,29.65,30.97,31.86,31.92,31.38,30.44,29.8,29.45,29.51,29.12,28.25,27.21,26.34,25.74,24.99,25.72,25.58,25.02,24.45,24.01,24.26,25.1,25.54,25.11,24.74,24.19,23.95,24.81,26.15,27.44,28.09,28.12,27.22,25.53,24.9,27.11,29.14,27.9,25.45,24.38,24.08,23.88,23.34,23.08,22.98,22.8,22.99,21.68,20.84,20.27,19.35,19.34,18.68,18.45,18.67,17.56,16.03,14.02,12.8,11.09,11.14,12.2,12.96,13.49,14.53,15.06,16.04,16.37,16.05
23.64,23.13,22.76,22.62,22.67,22.97,23.18,23.82,25.61,28.4,29.85,29.44,28.28,27.88,27.91,27.38,26.4,25.87,25.9,25.82,25.43,24.56,24.26,23.4,23.67,22.75,23.42,23.71,24.04,24.43,25.03,25.49,25.17,24.94,25.66,24.29,23.03,23.1,23.7,24.1,24.58,24.98,25.76,25.81,24.83,24.09,24.54,26.99,29.15,29.53,29.01,28.15,27.15,26.13,24.68,23.16,22.06,21.26,20.42,19.74,19.61,19.48,18.63,18.32,18.43,17.33,14.03,11.74,10.95,10.67,10.67,11.53,12.03,12.29,11.65,11.12,11.72,13.73,15.17
24.98,23.42,22.45,22.25,22.39,22.62,23.57,25.78,27.49,27.38,26.19,24.31,23.05,21.99,21.46,21.74,22.19,22.91,24.07,24.99,24.87,23.77,22.21,21.31,20.62,17.69,19.0,21.44,23.53,24.92,25.8,26.78,27.11,27.75,27.13,24.9,24.29,24.3,24.23,24.22,24.1,23.95,23.63,23.12,22.92,22.89,22.42,22.21,23.11,24.96,25.41,24.31,23.2,22.42,21.31,20.44,19.81,19.13,18.77,18.65,18.98,19.4,19.04,18.92,19.18,15.5,12.36,11.5,11.34,11.41,11.57,11.68,12.02,11.6,12.09,10.44,10.79,11.29,12.45
27.24,24.92,22.76,22.33,22.41,22.83,24.25,25.41,25.59,23.29,19.79,18.36,18.66,18.96,18.87,19.28,20.24,21.14,21.91,22.22,19.51,19.83,19.47,18.81,17.2,15.8,16.57,19.03,21.66,24.1,25.77,26.69,26.81,25.28,24.33,24.86,25.29,25.42,25.29,25.2,25.08,24.75,24.27,23.68,23.19,22.77,22.36,21.73,21.18,20.8,20.24,19.68,19.62,19.4,18.91,18.2,17.95,17.12,17.45,17.57,18.08,19.33,17.8,19.17,19.48,15.78,13.61,14.05,14.04,12.93,13.28,12.6,11.59,11.09,10.33,7.47,8.3,9.95,11.91
26.51,23.93,21.66,20.31,19.77,20.89,21.77,21.0,18.46,16.71,16.63,16.41,16.17,16.34,17.0,18.0,18.63,18.76,18.93,17.52,14.05,14.06,14.38,14.52,14.12,15.06,15.15,16.39,18.39,20.26,21.03,21.22,21.45,22.16,22.71,22.54,22.24,22.0,21.63,20.78,20.44,21.19,22.39,22.91,22.81,22.79,22.78,22.65,22.51,22.23,21.9,21.49,20.95,20.69,20.41,20.09,19.71,19.28,18.88,18.74,19.03,19.06,17.15,18.78,18.17,16.06,15.44,17.23,14.4,14.49,13.56,11.72,10.9,8.62,7.56,8.34,9.76,11.59,13.84
19.78,20.89,16.91,13.83,15.63,16.88,16.88,16.14,15.39,15.08,14.79,14.72,14.82,15.08,15.59,15.79,15.5,15.63,14.15,12.13,11.1,11.06,10.61,11.2,12.43,11.56,11.6,12.39,12.96,14.28,16.21,18.35,18.92,18.99,18.52,16.29,13.59,12.79,13.26,14.57,16.31,18.66,19.91,19.78,20.32,21.91,23.22,23.87,24.07,24.03,23.7,23.24,23.08,22.85,22.42,22.21,22.3,22.23,21.78,21.08,20.52,18.8,18.08,18.69,18.48,17.38,17.61,16.55,15.51,13.51,11.28,10.21,8.42,7.07,8.12,10.11,12.12,14.36,16.83
14.97,9.6,8.4,12.0,14.09,14.9,14.58,13.87,13.93,14.19,13.7,12.92,12.58,12.81,13.78,13.07,12.83,11.52,9.21,8.11,8.18,7.52,7.16,7.61,8.42,9.51,10.65,11.42,13.03,14.3,15.3,15.97,16.58,15.84,13.33,13.98,14.48,14.39,14.56,15.24,16.48,17.91,19.41,21.01,22.85,24.75,25.8,26.07,25.89,25.72,25.4,25.17,24.65,23.93,23.47,22.71,22.6,22.62,22.9,22.55,21.4,18.71,18.88,18.72,18.83,17.69,16.66,20.01,20.27,13.06,8.83,6.93,6.47,7.96,9.66,11.85,14.15,16.45,18.79
6.61,6.17,9.66,12.2,13.28,12.77,12.19,12.49,12.08,11.18,10.25,9.79,9.97,10.9,11.28,10.82,10.48,7.97,5.44,5.01,5.5,6.4,3.79,3.47,6.22,7.94,8.8,10.59,11.68,12.67,13.55,14.31,12.71,12.59,13.36,13.43,13.53,14.36,15.86,17.65,19.35,21.06,22.53,23.85,24.91,25.64,26.09,26.25,26.14,26.02,26.01,25.68,25.21,24.87,24.0,23.28,22.71,22.2,21.52,20.86,19.77,17.94,17.99,17.7,17.05,14.99,17.63,19.15,14.33,8.83,6.4,5.95,7.27,8.68,10.86,13.03,15.18,16.81,17.84
4.72,7.65,9.88,10.97,10.41,10.32,10.16,9.45,8.54,7.34,6.89,7.46,8.54,9.33,8.3,7.91,6.37,3.71,2.26,2.13,2.85,1.24,1.93,2.65,4.12,5.48,7.58,10.82,12.91,11.73,8.7,9.84,11.27,11.81,12.75,14.3,16.36,18.66,20.9,22.69,24.45,25.96,27.26,28.51,29.42,30.07,30.04,29.45,28.93,28.65,28.47,28.01,27.24,26.12,25.37,24.13,22.62,21.37,19.44,17.77,16.61,16.07,15.81,15.17,15.86,16.66,18.84,13.49,8.44,5.23,4.58,6.34,7.93,10.32,11.97,13.11,14.15,14.55,15.46
6.08,7.69,8.55,8.82,9.03,8.54,7.77,6.44,5.71,5.89,6.1,5.83,6.12,5.8,4.14,2.75,0.24,-0.57,-1.16,-0.01,0.33,0.61,5.99,2.92,3.32,7.64,9.06,8.67,5.67,7.36,9.15,9.48,10.59,12.61,15.25,18.09,20.64,22.72,24.32,25.7,27.19,28.52,29.37,29.85,30.23,30.62,30.71,30.4,29.72,29.01,28.68,28.26,27.61,26.1,24.35,22.31,20.24,18.09,16.37,15.03,14.11,13.43,13.01,12.3,12.75,16.0,12.88,8.52,3.57,2.65,5.02,7.03,9.32,10.26,11.32,12.04,12.27,12.67,14.05
6.33,7.22,7.98,8.32,7.8,7.48,7.59,8.85,10.56,10.81,9.44,7.46,5.74,3.12,0.52,-2.49,-5.73,-5.3,-4.06,-1.93,0.27,-2.93,-1.98,2.29,4.16,7.35,7.61,6.67,8.3,8.42,8.99,10.81,13.58,16.59,19.06,21.15,23.04,24.38,25.76,27.32,28.2,28.51,28.46,28.25,27.99,27.33,26.45,25.72,25.52,25.2,24.97,23.89,21.94,19.62,17.68,15.51,14.01,12.93,11.98,11.6,10.89,10.84,10.53,10.38,9.45,9.48,7.48,1.65,0.6,3.62,5.84,8.16,9.02,10.25,10.81,10.88,11.3,12.07,11.57
6.45,7.59,7.66,7.2,7.17,8.33,10.06,11.16,11.7,11.69,10.77,9.67,7.06,2.57,0.27,-4.26,-7.13,-5.21,-3.11,-1.95,-0.35,1.66,0.69,3.98,6.44,7.26,8.02,8.22,7.82,9.65,12.27,14.96,17.41,19.69,21.24,22.15,23.46,24.87,25.79,26.47,26.53,25.98,24.79,23.88,22.58,20.99,19.33,18.3,16.99,15.43,13.4,11.65,10.29,9.37,8.55,7.94,7.95,8.5,8.29,9.26,8.13,7.5,8.24,9.71,10.42,7.81,0.27,-1.09,2.06,4.42,6.91,8.02,9.45,10.08,10.22,10.89,11.34,10.14,10.11
7.1,6.61,5.26,5.92,7.62,9.08,10.73,12.64,14.61,15.08,13.21,10.61,6.89,2.06,-4.08,1.3,-3.01,-3.56,-1.68,-0.87,1.92,3.93,6.43,7.77,6.9,6.66,7.42,9.16,11.67,14.24,16.6,18.48,19.68,20.28,21.04,22.39,23.4,23.83,24.12,23.36,21.8,20.15,18.52,16.89,15.14,13.12,10.81,9.71,8.49,7.66,6.33,4.85,4.14,3.8,3.44,3.85,4.26,6.07,7.25,7.9,5.58,4.42,9.6,7.22,5.83,-1.1,-2.06,0.86,3.4,5.96,7.37,8.9,9.78,9.95,10.65,11.21,10.18,9.33,9.31
4.68,2.97,3.59,5.19,7.21,9.12,12.52,15.43,15.09,11.43,8.53,6.34,2.61,-1.14,-0.5,0.33,-1.95,-0.2,-0.36,2.01,1.11,2.89,3.33,5.04,6.22,8.31,11.0,13.65,15.79,17.24,18.31,19.14,19.82,20.78,21.73,22.17,21.88,21.18,19.61,18.46,16.54,14.54,13.26,11.33,8.89,7.7,5.85,4.71,3.97,2.16,0.81,-0.13,-0.04,0.36,1.02,0.82,2.36,3.33,1.07,-0.94,4.73,7.85,7.8,4.99,-2.5,-2.02,0.78,3.2,5.65,7.21,8.71,9.87,10.1,10.48,11.25,10.82,9.78,8.81,8.37
1.98,1.76,2.75,4.72,6.04,8.76,10.36,10.17,7.11,3.15,0.86,-0.33,-1.51,2.52,-0.48,0.0,-1.0,-0.37,2.19,2.32,2.97,6.86,8.88,8.43,10.18,12.4,13.86,15.14,16.51,17.92,19.3,20.47,21.29,21.37,21.02,19.98,18.82,17.03,16.13,13.56,11.49,11.98,9.29,8.12,5.21,2.07,0.39,0.53,-0.98,-1.57,-2.12,-3.72,-2.37,-1.05,-1.39,-1.62,-0.56,-0.64,-0.69,6.27,5.45,6.04,5.11,-0.34,-2.74,1.51,3.78,5.99,7.55,8.86,10.19,10.69,10.74,11.21,11.32,10.51,9.29,8.08,7.28
0.85,1.3,2.74,3.54,4.09,3.76,3.26,0.15,-4.78,-4.45,-5.53,-3.07,-3.1,-2.04,-1.3,-0.25,-0.04,1.17,2.17,2.81,3.79,6.33,7.28,7.07,8.23,10.89,13.85,16.73,19.19,20.95,21.91,22.01,21.34,20.07,18.88,17.08,14.8,13.45,10.85,8.77,9.78,8.8,5.41,0.72,-1.18,-0.88,-1.55,-1.83,-1.24,-1.19,-2.59,-5.15,-4.02,-4.26,-4.64,-2.44,-0.58,0.55,2.39,4.05,4.9,4.71,0.89,-2.0,2.6,4.84,6.71,8.12,9.26,10.53,11.36,11.47,11.47,11.65,11.22,10.03,8.54,7.23,6.01
0.84,1.59,1.86,1.53,1.16,-1.03,-3.71,-7.45,-8.1,-10.68,-8.02,-5.38,-2.39,-4.34,-1.93,-1.93,-0.74,-0.71,0.39,1.62,2.11,3.54,6.42,9.43,12.0,14.55,16.82,18.67,20.12,21.13,21.59,21.52,20.46,18.57,16.2,13.09,10.4,8.15,6.21,7.1,7.8,3.15,0.54,-3.24,-2.57,-3.0,-3.04,-2.6,-1.99,-2.98,-4.2,-4.82,-5.53,-5.28,-3.7,-1.38,0.44,2.21,3.45,3.8,3.22,0.2,-0.24,3.72,5.87,7.36,8.67,9.76,10.92,11.86,12.17,12.22,12.16,11.89,10.88,9.46,7.88,6.18,5.03
1.15,1.08,0.61,-0.5,-1.77,-3.13,-5.28,-4.62,-6.83,-6.31,-5.65,-6.0,-4.69,-3.5,-1.83,0.75,2.26,3.13,4.01,5.09,6.13,7.05,8.08,9.09,9.71,10.45,11.74,13.56,15.64,17.51,18.97,19.35,17.99,14.79,11.67,8.51,6.24,4.76,4.41,4.86,4.49,0.24,-0.24,-1.87,-2.63,-2.72,-3.09,-3.65,-4.67,-4.41,-4.3,-2.89,-1.89,-0.51,0.88,2.43,3.23,3.91,4.35,3.16,1.6,2.15,4.73,6.51,7.9,9.28,10.36,11.44,12.4,12.81,13.08,13.22,13.0,12.35,11.17,9.63,7.53,5.76,4.46
1.16,0.58,-0.83,-2.13,-3.73,-4.97,-4.68,-5.51,-3.45,-2.71,-2.56,-2.48,-1.33,0.11,0.77,1.91,2.59,2.73,2.71,3.05,3.27,3.12,3.65,5.49,7.66,9.42,10.78,11.71,12.43,13.12,13.8,13.37,11.74,9.31,6.82,4.49,3.42,3.24,3.46,4.06,3.37,-0.75,-0.24,-3.49,-2.68,-1.27,-1.44,-4.81,-5.13,-4.59,-2.73,-0.9,1.29,2.82,3.93,4.62,4.96,6.41,6.17,4.46,4.57,6.01,7.53,9.12,10.57,11.58,12.39,13.13,13.59,13.92,14.27,14.43,14.07,13.29,12.2,10.31,7.91,5.92,4.37
1.3,0.43,-1.47,-3.39,-4.48,-6.33,-7.09,-3.34,-1.99,-3.09,-2.5,-1.51,-0.95,-0.39,0.14,0.26,0.05,-0.5,-1.23,-0.49,1.89,4.22,5.84,7.39,8.98,10.18,10.75,10.66,10.17,9.62,9.37,8.58,6.94,4.82,2.84,1.51,1.1,1.92,3.22,3.61,3.06,-0.51,-0.35,-3.17,-1.92,0.18,-4.05,-5.7,-0.1,-2.15,-1.49,0.23,2.35,4.52,6.04,6.96,7.3,8.57,7.8,7.13,7.86,9.38,10.73,12.18,13.42,13.95,14.11,14.42,14.77,15.07,15.4,15.63,15.3,14.67,13.58,11.58,9.03,6.64,4.87
1.91,0.85,-0.97,-3.0,-4.29,-5.64,-5.52,-6.78,-8.21,-7.27,-4.98,-3.32,-2.95,-3.05,-3.68,-4.3,-3.35,-0.88,1.2,2.34,3.43,4.94,6.64,8.15,9.51,10.44,10.75,10.11,8.62,6.96,6.06,5.74,3.6,1.2,2.14,-1.64,-2.47,0.32,1.9,2.83,3.84,1.69,-0.34,-0.5,-3.27,-3.2,-3.56,-1.58,3.2,3.59,3.37,3.04,3.73,5.33,7.06,8.47,9.06,9.32,9.34,9.8,11.18,12.79,14.37,15.4,15.58,15.24,15.16,15.41,15.7,16.06,16.54,16.84,16.73,16.23,15.25,13.4,10.72,8.07,5.84
3.0,1.81,0.47,-1.27,-2.23,-3.17,-3.78,-3.84,-3.33,-2.85,-2.82,-2.68,-2.25,-1.36,-0.33,0.39,0.7,1.01,1.64,2.93,4.86,6.42,7.74,9.44,10.62,11.01,10.87,10.0,7.93,5.75,4.11,4.32,3.99,0.48,4.09,3.37,4.05,5.93,3.44,3.99,4.73,5.14,3.45,1.91,2.53,2.27,1.61,3.3,5.48,7.16,8.76,10.38,9.12,8.84,9.83,11.0,11.45,11.84,12.4,13.43,14.81,16.35,17.33,17.66,17.56,17.14,16.94,16.92,17.15,17.64,18.03,17.99,17.98,17.86,17.13,15.55,13.08,10.24,7.53
3.93,3.01,2.05,0.98,0.33,0.06,-0.47,-0.54,-0.22,0.28,0.77,1.16,1.36,1.52,1.78,1.95,2.16,2.86,4.34,5.94,7.18,8.31,9.5,10.33,10.36,9.93,9.6,9.13,7.71,5.81,3.78,3.1,4.83,7.01,2.1,2.85,8.13,7.83,8.09,4.36,5.38,6.85,8.3,8.23,7.4,7.45,9.47,10.98,11.05,12.53,12.76,13.64,14.27,13.69,14.04,15.37,16.87,17.37,17.53,18.56,19.76,20.52,20.5,19.95,19.4,19.05,18.98,19.08,19.45,19.79,19.49,18.98,18.89,19.1,18.89,17.84,15.8,13.14,10.24
