dist/data/20160925_400.json
{"header": { "discipline":0, "disciplineName":"Meteorological products", "gribEdition":2, "gribLength":72955, "center":7, "centerName":"US National Weather Service - NCEP(WMC)", "subcenter":0, "refTime":"2016-09-25T00:00:00.000Z", "significanceOfRT":1, "significanceOfRTName":"Start of forecast", "productStatus":0, "productStatusName":"Operational products", "productType":1, "productTypeName":"Forecast products", "productDefinitionTemplate":0, "productDefinitionTemplateName":"Analysis/forecast at horizontal level/layer at a point in time", "parameterCategory":2, "parameterCategoryName":"Momentum", "parameterNumber":2, "parameterNumberName":"U-component_of_wind", "parameterUnit":"m.s-1", "genProcessType":2, "genProcessTypeName":"Forecast", "forecastTime":0, "surface1Type":100, "surface1TypeName":"Isobaric surface", "surface1Value":40000.0, "surface2Type":255, "surface2TypeName":"Missing", "surface2Value":0.0, "gridDefinitionTemplate":0, "gridDefinitionTemplateName":"Latitude_Longitude", "numberPoints":65160, "shape":6, "shapeName":"Earth spherical with radius of 6,371,229.0 m", "gridUnits":"degrees", "resolution":48, "winds":"true", "scanMode":0, "nx":360, "ny":181, "basicAngle":0, "subDivisions":0, "lo1":0.0, "la1":90.0, "lo2":359.0, "la2":-90.0, "dx":1.0, "dy":1.0 }, "data":
[rows 140 to 174 of 181, columns 79 to 157 of 360]
30.77,30.39,29.95,29.23,28.29,26.94,25.46,23.79,22.05,20.49,19.91,19.87,20.4,21.28,22.5,24.17,26.37,29.1,32.06,35.0,37.34,38.84,39.85,40.49,40.89,41.11,41.07,40.67,40.16,38.91,37.17,35.51,33.45,31.83,29.66,27.25,25.44,24.06,22.84,21.92,20.85,19.66,18.06,15.52,12.58,10.51,9.51,10.63,14.43,17.65,18.68,18.72,18.19,15.74,14.1,13.12,12.81,13.81,12.58,8.33,1.76,-6.36,-12.51,-14.44,-11.55,-8.37,-7.57,-4.27,-1.85,-0.27,2.42,4.45,5.15,6.63,6.9,6.48,6.46,6.18,5.74
29.81,28.91,28.2,27.47,26.52,25.64,24.45,23.43,21.75,20.73,19.56,18.76,18.33,18.05,18.3,19.48,21.43,23.08,24.89,27.09,29.87,32.42,34.83,36.62,37.57,38.03,37.97,37.93,37.01,35.75,34.9,33.43,32.04,30.44,28.87,27.27,26.23,25.1,23.9,22.99,22.18,21.29,20.2,18.43,16.18,14.27,13.35,13.23,14.74,17.39,17.51,18.9,19.04,16.53,13.86,12.2,11.12,10.72,6.96,0.27,-7.86,-14.59,-15.36,-10.08,-5.92,-4.27,-3.86,-2.28,0.07,2.0,3.2,5.54,7.59,8.4,8.19,7.63,7.16,6.34,5.65
28.43,27.77,26.95,26.29,25.59,24.85,24.18,23.55,22.24,21.22,19.83,18.42,17.15,16.64,15.37,14.72,15.34,16.95,18.13,19.03,20.71,23.27,25.86,28.49,30.79,32.05,32.76,32.99,32.39,31.91,31.22,30.59,29.8,28.75,27.72,26.88,26.15,25.19,24.25,23.63,23.06,22.61,21.9,20.75,19.42,18.29,17.45,16.71,16.37,17.37,18.12,17.51,18.25,16.53,13.56,11.19,9.4,7.79,3.0,-3.64,-9.61,-9.23,-8.75,-6.37,-4.76,-1.56,0.76,1.18,1.91,3.78,5.39,7.14,9.02,9.87,9.51,8.83,7.99,7.22,6.58
27.74,27.5,27.14,26.7,26.08,25.13,24.48,23.78,22.64,21.51,20.11,18.48,17.08,15.96,13.39,11.18,11.4,11.32,11.55,12.25,13.03,14.1,15.8,17.99,20.11,22.09,23.96,25.11,25.48,25.76,26.11,26.48,26.69,26.75,26.13,25.55,25.05,24.45,23.97,23.76,23.68,23.62,23.29,22.76,22.2,21.94,21.41,19.96,18.37,17.38,17.82,17.41,16.61,15.45,12.53,10.0,8.05,6.09,2.97,0.48,0.52,-2.01,-5.05,-1.74,-1.76,0.55,3.08,4.67,5.6,6.63,8.0,9.53,10.72,10.92,10.46,9.7,8.74,8.24,7.95
28.07,28.12,28.03,27.8,27.29,26.12,25.62,24.94,23.65,22.29,21.05,19.26,17.18,15.09,12.98,10.59,8.1,6.52,6.15,6.4,6.85,7.63,8.5,9.48,10.97,12.81,14.66,16.42,17.83,19.24,20.57,22.15,23.48,23.78,23.56,23.37,23.34,23.41,23.6,23.98,24.32,24.55,24.81,25.01,25.26,25.38,24.64,22.49,19.85,17.99,17.04,17.15,16.39,14.05,11.51,9.22,7.6,5.98,4.96,6.11,8.22,4.21,1.17,3.16,2.94,3.45,5.02,6.65,7.3,8.24,9.51,10.98,11.82,11.77,11.27,10.31,9.63,9.1,8.56
30.46,30.67,30.63,30.49,29.59,28.89,28.74,27.95,26.44,24.62,22.91,20.63,17.86,15.0,12.88,11.08,9.16,6.51,3.85,2.41,1.75,1.77,2.0,2.56,3.43,4.99,7.04,9.23,11.55,14.12,16.49,18.14,19.15,19.88,20.73,21.56,22.39,23.28,24.11,24.79,25.49,26.3,27.05,27.7,28.26,28.19,26.57,23.36,20.27,18.21,16.5,16.27,15.93,13.53,10.92,8.95,7.85,6.68,6.4,7.92,8.72,9.71,7.55,6.92,8.02,8.06,8.85,8.76,9.62,10.41,10.98,11.59,11.98,11.8,11.42,11.11,10.84,10.71,10.36
28.81,28.96,28.89,28.64,28.06,28.07,28.37,28.3,27.38,25.87,24.08,21.74,19.28,16.49,14.13,12.71,10.46,9.4,8.81,7.45,6.17,4.81,3.81,3.35,3.56,4.65,6.13,7.94,9.98,12.04,14.05,16.04,17.88,19.61,21.1,22.37,23.44,24.48,25.47,26.59,27.87,29.0,29.83,30.46,30.72,29.41,26.1,22.11,19.18,17.3,15.2,14.43,14.35,12.81,10.3,8.67,8.02,7.39,7.02,8.72,10.5,11.27,12.71,11.78,12.15,12.28,12.49,13.69,13.87,13.34,12.73,12.78,12.67,12.17,11.93,12.43,12.66,12.51,12.35
19.73,20.4,20.75,20.72,21.26,22.29,23.2,24.11,24.4,24.11,23.26,22.01,20.47,18.69,16.55,14.98,14.38,12.66,10.61,10.31,10.66,10.94,11.17,11.47,12.05,12.81,13.73,14.82,16.1,17.49,18.87,20.22,21.4,22.47,23.44,24.39,25.45,26.71,28.18,29.7,31.01,31.95,32.77,32.94,31.11,26.79,22.52,19.08,16.66,14.83,12.82,11.72,11.73,11.24,8.92,8.04,7.82,7.55,7.41,8.36,11.39,13.58,15.35,17.8,17.09,15.5,15.92,15.78,16.56,16.72,15.63,14.32,14.03,13.97,14.42,14.89,15.14,15.4,15.8
12.03,12.25,13.13,13.69,14.5,16.22,18.25,20.06,21.57,22.74,22.89,22.41,21.92,21.16,19.94,18.66,17.43,16.85,16.9,16.53,15.46,14.64,14.73,15.57,16.67,17.74,18.76,19.78,20.81,21.85,22.84,23.83,24.83,25.85,26.93,28.11,29.46,30.87,32.24,33.39,34.22,34.74,33.7,30.13,25.04,20.78,17.52,14.9,12.95,11.41,10.0,8.58,8.78,8.82,7.5,7.51,7.88,7.9,8.16,8.24,10.73,14.53,17.91,20.58,22.64,22.54,20.07,19.48,19.73,19.92,19.52,18.0,16.56,16.62,17.4,18.39,19.19,19.79,20.48
16.18,14.46,13.89,15.44,16.96,17.71,18.81,20.89,22.88,23.94,24.32,24.3,24.26,24.24,23.56,22.81,22.05,21.56,21.3,21.33,21.94,23.04,24.0,24.38,24.41,24.66,25.22,25.93,26.76,27.76,28.69,29.62,30.69,31.69,32.68,33.61,34.69,35.5,36.09,35.74,33.71,29.63,24.82,20.8,17.43,14.5,11.92,10.09,9.11,8.51,7.29,5.51,5.91,6.78,7.12,7.9,8.73,9.03,9.44,10.25,11.04,13.83,17.95,22.0,24.85,24.76,24.84,24.05,22.93,22.92,22.97,22.05,20.43,19.44,19.71,20.78,21.67,22.08,22.1
19.99,20.05,19.46,18.25,17.5,17.59,18.61,20.46,22.18,23.3,24.0,24.41,24.66,24.96,25.11,25.15,25.31,25.66,26.1,26.41,26.49,26.33,26.43,27.52,29.49,31.69,33.38,34.47,35.51,35.92,36.25,36.76,37.37,37.93,38.16,37.93,36.87,34.5,30.6,25.63,21.31,18.71,16.8,14.15,11.37,9.47,8.29,7.52,6.85,5.95,3.9,2.35,3.61,5.9,7.91,9.18,9.82,10.71,11.61,12.47,13.73,14.8,17.02,20.51,23.99,27.12,27.02,25.59,25.08,24.92,24.53,24.19,23.53,22.64,22.28,22.74,23.38,23.94,24.36
14.98,15.11,15.92,17.58,19.39,20.66,21.35,21.75,22.15,22.75,23.78,24.73,25.41,26.1,26.74,27.45,28.05,28.03,27.48,26.29,24.65,22.92,21.67,21.28,21.62,22.5,23.73,25.15,26.65,28.0,29.01,29.44,29.11,28.11,26.48,24.3,21.56,19.42,18.11,16.93,15.38,13.16,10.72,8.48,7.04,6.16,5.4,4.52,3.35,1.85,0.08,-0.18,1.7,5.46,8.37,9.86,10.91,11.71,12.71,13.79,14.94,16.16,16.98,18.91,21.69,23.95,26.66,28.22,27.24,26.18,25.97,25.97,25.38,24.92,25.01,25.03,25.25,26.07,27.19
10.55,9.78,9.82,10.54,11.77,13.48,15.57,17.76,19.69,21.14,22.25,23.17,23.84,23.96,23.59,23.03,21.76,20.07,18.53,17.29,16.12,15.17,14.45,13.6,12.81,12.33,12.13,12.09,12.03,11.78,11.53,11.62,12.05,12.77,13.83,15.02,15.33,14.3,12.18,9.74,7.76,6.2,4.63,3.35,2.46,1.51,0.16,-1.29,-2.21,-2.67,-2.89,-1.55,1.8,5.33,8.29,10.41,11.52,12.31,13.06,14.01,14.72,15.52,16.24,16.88,18.78,21.09,22.7,24.9,28.06,29.62,29.01,27.74,26.8,26.26,26.32,27.0,27.98,28.98,29.73
8.84,8.5,9.22,10.47,11.77,12.74,13.22,13.46,13.62,13.79,14.05,14.29,14.32,14.13,13.79,13.23,12.7,12.31,11.92,11.56,10.77,9.2,7.38,5.73,4.35,3.24,2.55,2.55,3.34,4.88,6.94,8.89,9.99,10.13,9.54,8.56,7.48,6.0,4.19,2.54,1.07,-0.3,-1.73,-3.32,-5.09,-6.67,-7.67,-7.68,-7.35,-5.97,-3.13,0.5,4.18,7.52,10.38,11.85,12.63,13.43,13.94,14.12,14.32,14.89,15.25,15.23,15.98,18.02,20.65,22.65,24.03,26.26,28.92,30.42,30.36,29.77,29.4,29.61,30.17,31.11,32.0
7.5,6.97,6.92,6.65,5.75,4.36,3.2,2.42,1.97,1.66,1.19,0.76,0.85,1.56,2.52,3.42,4.64,6.01,6.1,4.45,2.37,0.94,0.22,-0.05,-0.07,0.36,1.3,2.34,3.12,3.41,2.4,0.9,0.18,-1.25,-2.25,-2.2,-1.72,-1.99,-2.82,-3.81,-4.72,-5.72,-7.05,-8.34,-9.23,-9.33,-9.11,-8.87,-8.37,-6.33,-2.34,2.18,6.34,9.19,11.39,13.25,13.53,14.33,14.32,13.53,13.5,13.54,13.53,13.2,12.75,14.83,18.01,21.05,23.25,24.63,25.74,26.96,27.6,27.46,27.57,29.02,31.49,33.38,34.4
2.87,0.71,-2.43,-4.99,-6.08,-5.68,-4.04,-1.97,-0.12,1.01,1.37,1.34,1.39,1.77,2.22,2.11,1.12,-0.18,-0.74,-0.74,-0.73,-0.57,-0.32,-0.05,0.3,0.69,0.79,0.33,-0.96,-3.32,-4.06,-2.63,-5.07,-9.89,-8.17,-6.89,-6.69,-6.77,-7.22,-7.53,-7.42,-7.19,-6.94,-6.9,-7.19,-6.78,-5.75,-4.65,-2.88,-0.38,1.69,3.6,5.95,8.39,10.61,12.18,12.31,12.76,13.22,12.29,11.3,11.24,12.28,13.67,14.24,14.52,16.56,19.86,23.73,27.23,29.41,30.71,31.46,31.84,32.24,32.89,34.21,36.32,38.72
-1.81,-4.05,-5.23,-5.49,-5.78,-5.31,-4.18,-3.29,-3.11,-3.58,-4.17,-4.38,-3.97,-3.25,-2.35,-1.46,-0.89,-0.84,-0.95,-0.62,0.21,0.98,1.39,1.84,1.91,1.13,-0.09,-1.5,-2.86,-5.23,-7.36,-6.42,-5.26,-5.97,-7.49,-7.14,-6.12,-5.71,-5.85,-5.99,-5.74,-4.57,-3.01,-2.31,-2.03,-1.48,-0.56,0.46,1.9,3.77,5.33,7.06,8.52,9.41,10.5,11.12,11.42,12.03,12.56,11.93,10.32,8.82,8.35,10.63,15.5,19.46,21.01,21.65,22.64,24.39,27.21,30.9,34.8,38.55,42.02,44.92,46.96,48.22,49.06
-2.26,-2.49,-3.07,-4.19,-4.81,-4.32,-2.84,-1.14,0.22,0.95,1.3,1.38,0.7,-0.28,-1.39,-2.1,-1.81,-0.79,0.47,1.11,1.19,1.78,1.99,1.76,1.11,-0.1,-1.12,-1.71,-2.76,-3.91,-5.07,-5.36,-5.73,-6.7,-6.12,-5.56,-5.64,-5.26,-4.92,-4.51,-3.5,-2.41,-0.96,0.76,2.45,3.98,4.63,5.49,7.4,8.34,9.62,10.66,11.39,12.09,13.11,13.25,13.25,13.58,14.16,14.87,14.7,13.87,12.75,11.86,11.29,11.32,13.01,17.77,22.94,27.22,30.66,32.86,34.06,35.25,36.78,38.47,40.08,41.52,42.65
0.19,0.34,0.43,0.84,0.63,0.62,0.23,-0.7,-1.76,-2.94,-3.99,-4.75,-5.23,-4.91,-3.88,-2.93,-2.52,-2.4,-2.14,-1.76,-1.55,-1.41,-1.39,-1.96,-2.48,-2.17,-1.87,-2.0,-2.16,-2.34,-2.98,-3.48,-3.75,-3.99,-4.23,-4.12,-3.94,-3.61,-3.19,-2.8,-2.28,-1.53,-0.61,0.48,1.67,3.17,4.87,6.71,8.31,9.78,11.35,12.82,14.19,15.28,16.33,17.14,17.8,18.52,19.11,19.54,20.06,20.63,21.11,21.53,21.77,21.98,21.36,21.72,22.82,22.78,22.87,23.4,24.37,26.22,28.3,29.57,30.95,32.42,33.67
1.95,2.76,3.34,2.9,2.11,0.89,-1.1,-3.54,-5.78,-7.24,-7.53,-7.13,-6.83,-7.04,-7.38,-7.21,-6.83,-6.79,-6.75,-6.75,-6.72,-6.6,-6.27,-5.86,-5.46,-4.98,-4.45,-3.82,-3.23,-2.74,-2.35,-2.13,-2.29,-2.6,-2.87,-3.02,-3.09,-3.06,-2.94,-2.64,-2.13,-1.48,-0.71,0.19,1.23,2.4,3.6,4.89,6.44,8.21,10.02,11.83,13.7,15.54,17.47,19.12,20.75,22.11,23.41,24.54,25.54,26.47,27.34,28.08,28.74,29.28,29.9,30.76,31.28,32.02,32.81,33.95,35.32,36.26,37.38,38.68,40.05,41.75,42.57
1.11,1.14,1.18,1.18,0.58,-1.29,-3.72,-5.58,-6.59,-7.03,-7.39,-7.96,-8.68,-9.16,-9.48,-10.13,-10.54,-10.46,-10.46,-10.47,-10.06,-9.36,-8.76,-8.34,-7.95,-7.39,-6.63,-5.68,-4.58,-3.42,-2.31,-1.3,-0.5,0.07,0.48,0.8,0.99,1.06,1.11,1.26,1.49,1.8,2.21,2.7,3.28,3.91,4.69,5.56,6.52,7.6,8.77,10.12,11.55,13.07,14.64,16.16,17.69,19.15,20.64,22.1,23.49,24.69,25.71,26.77,27.89,28.96,30.05,31.05,31.93,32.99,34.11,35.32,36.39,37.32,38.06,38.88,39.88,40.93,41.78
0.86,1.27,0.93,-0.24,-2.02,-3.73,-4.77,-5.24,-5.61,-6.13,-6.5,-6.45,-6.43,-6.83,-7.43,-7.55,-7.22,-7.19,-7.52,-7.63,-7.38,-7.07,-6.82,-6.49,-5.99,-5.36,-4.66,-3.89,-3.04,-2.11,-1.17,-0.19,0.74,1.69,2.55,3.4,4.2,4.97,5.69,6.39,7.06,7.72,8.37,9.03,9.71,10.41,11.14,11.89,12.68,13.53,14.44,15.37,16.36,17.43,18.58,19.77,20.97,22.2,23.43,24.6,25.63,26.69,27.64,28.35,29.08,29.93,30.65,31.25,31.95,32.71,33.52,34.32,35.02,35.55,36.02,36.5,36.88,37.14,37.28
-3.66,-3.68,-4.09,-4.55,-4.72,-4.57,-4.33,-4.12,-4.03,-4.13,-4.24,-4.33,-4.5,-4.79,-4.88,-4.62,-4.22,-3.99,-3.83,-3.63,-3.35,-3.05,-2.75,-2.42,-2.06,-1.64,-1.15,-0.64,-0.14,0.38,0.9,1.41,1.93,2.46,3.0,3.53,4.05,4.6,5.14,5.68,6.22,6.77,7.32,7.89,8.48,9.08,9.72,10.35,10.99,11.63,12.31,12.99,13.6,14.18,14.8,15.47,16.05,16.17,16.28,16.22,16.28,16.22,15.98,15.9,15.76,15.68,15.7,15.91,16.28,16.54,17.08,17.68,18.53,19.11,19.48,19.73,19.95,19.93,19.75
-7.06,-6.66,-6.31,-6.02,-5.79,-5.48,-5.09,-4.65,-4.22,-3.83,-3.55,-3.53,-3.82,-3.84,-3.53,-3.2,-3.07,-3.17,-3.41,-3.78,-4.28,-4.74,-5.17,-5.44,-5.59,-5.63,-5.75,-5.84,-5.82,-5.83,-5.89,-5.88,-5.83,-5.84,-5.78,-5.77,-5.73,-5.65,-5.52,-5.32,-5.17,-4.98,-4.74,-4.53,-4.34,-4.18,-4.01,-3.88,-3.77,-3.65,-3.55,-3.39,-3.28,-3.09,-2.83,-2.49,-2.16,-1.7,-1.16,-0.68,-0.2,0.22,0.62,0.91,1.17,1.38,1.54,1.63,1.67,1.7,1.68,1.66,1.78,2.01,2.38,2.86,3.45,4.1,4.72
-7.69,-7.72,-7.77,-7.33,-6.57,-5.92,-5.6,-5.47,-5.26,-4.88,-4.51,-4.43,-4.51,-4.79,-5.34,-6.2,-7.15,-8.08,-8.91,-9.63,-10.24,-10.76,-11.19,-11.49,-11.72,-11.91,-12.01,-11.97,-11.82,-11.58,-11.28,-10.94,-10.58,-10.17,-9.71,-9.22,-8.74,-8.29,-7.86,-7.44,-7.04,-6.68,-6.36,-6.08,-5.81,-5.56,-5.32,-5.07,-4.82,-4.57,-4.32,-4.06,-3.79,-3.47,-3.14,-2.77,-2.37,-1.98,-1.55,-1.15,-0.8,-0.43,-0.12,0.11,0.27,0.36,0.38,0.34,0.28,0.17,0.01,-0.2,-0.43,-0.64,-0.83,-0.96,-1.02,-1.06,-1.04
-5.11,-4.99,-4.95,-4.88,-4.78,-4.53,-4.45,-4.67,-5.18,-6.07,-7.41,-8.7,-9.35,-9.45,-9.73,-10.35,-11.09,-11.63,-11.88,-11.9,-11.83,-11.68,-11.48,-11.28,-11.06,-10.8,-10.46,-10.07,-9.66,-9.25,-8.85,-8.48,-8.14,-7.81,-7.46,-7.1,-6.71,-6.32,-5.94,-5.62,-5.34,-5.07,-4.79,-4.48,-4.15,-3.81,-3.5,-3.22,-2.94,-2.65,-2.34,-1.99,-1.62,-1.24,-0.85,-0.48,-0.16,0.12,0.37,0.58,0.75,0.91,1.02,1.13,1.28,1.46,1.6,1.6,1.43,1.22,1.06,0.95,0.79,0.52,0.15,-0.21,-0.4,-0.44,-0.42
-4.52,-5.06,-5.35,-5.69,-6.41,-7.18,-7.81,-8.49,-9.32,-10.19,-10.65,-10.6,-10.21,-9.9,-9.82,-9.83,-9.82,-9.71,-9.52,-9.27,-8.99,-8.79,-8.66,-8.51,-8.21,-7.82,-7.46,-7.14,-6.89,-6.64,-6.41,-6.18,-5.96,-5.77,-5.6,-5.45,-5.28,-5.07,-4.79,-4.43,-4.03,-3.63,-3.25,-2.92,-2.61,-2.32,-2.04,-1.74,-1.38,-0.97,-0.54,-0.11,0.3,0.68,1.03,1.36,1.65,1.92,2.13,2.3,2.46,2.61,2.74,2.83,2.83,2.78,2.81,2.99,3.24,3.37,3.22,2.82,2.36,2.15,2.25,2.36,2.23,1.88,1.53
-7.51,-8.3,-8.56,-8.75,-8.99,-8.95,-8.76,-8.68,-8.76,-8.85,-8.76,-8.43,-7.92,-7.38,-6.85,-6.36,-5.96,-5.68,-5.54,-5.51,-5.54,-5.51,-5.37,-5.14,-4.87,-4.7,-4.6,-4.53,-4.41,-4.27,-4.12,-4.01,-3.95,-3.87,-3.74,-3.51,-3.22,-2.88,-2.55,-2.27,-2.05,-1.83,-1.61,-1.35,-1.05,-0.71,-0.34,0.07,0.49,0.91,1.32,1.72,2.12,2.51,2.88,3.22,3.53,3.79,4.01,4.18,4.31,4.41,4.47,4.51,4.53,4.5,4.38,4.2,4.02,3.93,3.97,4.11,4.23,4.24,4.11,3.9,3.75,3.75,3.9
-7.91,-8.21,-8.05,-7.78,-7.48,-7.15,-6.83,-6.54,-6.27,-5.98,-5.65,-5.26,-4.8,-4.31,-3.81,-3.35,-3.02,-2.83,-2.71,-2.55,-2.29,-1.95,-1.58,-1.23,-0.9,-0.62,-0.37,-0.13,0.07,0.25,0.29,0.24,0.16,0.1,0.12,0.2,0.33,0.46,0.61,0.81,1.04,1.33,1.69,2.08,2.49,2.84,3.14,3.41,3.68,3.95,4.24,4.54,4.87,5.21,5.54,5.83,6.05,6.22,6.33,6.41,6.48,6.56,6.65,6.68,6.66,6.54,6.37,6.2,6.02,5.79,5.5,5.23,5.02,4.85,4.71,4.58,4.44,4.31,4.2
-4.48,-4.55,-4.52,-4.35,-4.14,-3.96,-3.8,-3.58,-3.28,-2.9,-2.5,-2.12,-1.8,-1.56,-1.38,-1.22,-1.03,-0.79,-0.49,-0.14,0.22,0.59,0.96,1.32,1.68,2.01,2.31,2.58,2.83,3.06,3.29,3.53,3.77,4.0,4.19,4.32,4.36,4.34,4.31,4.39,4.63,5.01,5.43,5.83,6.19,6.54,6.9,7.28,7.65,7.99,8.3,8.57,8.8,9.01,9.2,9.38,9.57,9.74,9.85,9.84,9.67,9.37,9.04,8.75,8.56,8.36,8.02,7.55,7.04,6.58,6.18,5.78,5.37,4.98,4.69,4.43,4.11,3.84,3.66
-1.07,-0.91,-0.7,-0.46,-0.2,0.06,0.33,0.62,0.92,1.24,1.55,1.85,2.13,2.42,2.7,3.0,3.3,3.62,3.95,4.3,4.61,4.84,4.97,5.05,5.14,5.27,5.49,5.8,6.2,6.64,7.05,7.35,7.48,7.45,7.32,7.22,7.2,7.29,7.44,7.65,7.93,8.3,8.74,9.18,9.55,9.83,10.05,10.26,10.48,10.7,10.94,11.13,11.24,11.32,11.33,11.34,11.27,11.2,11.16,11.18,11.16,10.97,10.55,9.94,9.3,8.79,8.39,7.96,7.42,6.75,6.08,5.48,4.99,4.56,4.22,3.87,3.4,3.2,3.09
2.23,2.61,2.97,3.33,3.69,4.05,4.42,4.8,5.19,5.58,5.96,6.31,6.62,6.87,7.1,7.33,7.59,7.89,8.19,8.45,8.6,8.59,8.42,8.14,7.82,7.53,7.35,7.35,7.57,7.99,8.54,9.09,9.53,9.83,10.01,10.14,10.29,10.48,10.67,10.83,10.94,11.04,11.14,11.29,11.46,11.62,11.75,11.83,11.86,11.87,11.86,11.83,11.76,11.67,11.57,11.44,11.25,10.98,10.69,10.44,10.29,10.2,10.0,9.54,8.79,7.89,7.03,6.32,5.72,5.18,4.65,4.18,3.76,3.45,3.09,2.76,2.53,2.43,2.17
1.84,2.53,3.22,3.9,4.56,5.19,5.77,6.3,6.76,7.15,7.46,7.71,7.92,8.08,8.22,8.34,8.44,8.52,8.58,8.66,8.79,9.02,9.37,9.81,10.26,10.6,10.74,10.71,10.58,10.48,10.5,10.64,10.87,11.09,11.25,11.33,11.36,11.36,11.35,11.29,11.19,11.04,10.86,10.67,10.51,10.4,10.32,10.23,10.14,10.02,9.85,9.61,9.3,8.9,8.43,7.92,7.4,6.9,6.43,5.97,5.53,5.1,4.67,4.23,3.77,3.26,2.75,2.29,1.97,1.77,1.67,1.6,1.57,1.54,1.42,1.34,1.24,1.14,1.11
5.69,6.04,6.42,6.81,7.22,7.62,8.0,8.37,8.71,9.01,9.27,9.48,9.65,9.78,9.89,9.98,10.06,10.12,10.17,10.2,10.19,10.17,10.17,10.2,10.29,10.43,10.59,10.73,10.82,10.83,10.74,10.55,10.27,9.92,9.53,9.16,8.82,8.54,8.32,8.13,7.95,7.77,7.57,7.34,7.07,6.76,6.39,5.94,5.38,4.72,3.95,3.12,2.28,1.49,0.81,0.26,-0.13,-0.37,-0.49,-0.54,-0.56,-0.57,-0.63,-0.72,-0.86,-1.03,-1.18,-1.31,-1.4,-1.42,-1.38,-1.28,-1.17,-1.05,-0.97,-0.94,-0.98,-1.12,-1.1
8.22,8.35,8.47,8.6,8.73,8.87,9.0,9.13,9.27,9.4,9.52,9.64,9.73,9.8,9.83,9.8,9.74,9.65,9.54,9.41,9.29,9.16,9.03,8.88,8.72,8.52,8.27,7.96,7.61,7.23,6.84,6.44,6.05,5.67,5.32,4.98,4.67,4.37,4.09,3.82,3.54,3.25,2.93,2.55,2.1,1.58,0.99,0.35,-0.32,-0.99,-1.62,-2.22,-2.75,-3.22,-3.65,-4.04,-4.41,-4.75,-5.03,-5.24,-5.33,-5.31,-5.17,-4.93,-4.62,-4.3,-4.02,-3.81,-3.71,-3.71,-3.81,-3.97,-4.15,-4.32,-4.45,-4.53,-4.57,-4.59,-4.58
